  0   1  8.07131806e+00
  1   1  7.28897106e+00
  1   2  1.31357229e+01
  1   3  1.49498109e+01
  2   3  1.49312189e+01
  1   4  2.46211290e+01
  2   4  2.42491587e+00
  3   4  2.53231900e+01
  1   5  3.28924470e+01
  2   5  1.12312340e+01
  3   5  1.16788870e+01
  1   6  4.18757250e+01
  2   6  1.75920950e+01
  3   6  1.40868804e+01
  4   6  1.83750340e+01
  2   7  2.60731280e+01
  3   7  1.49071046e+01
  4   7  1.57689980e+01
  5   7  2.76765530e+01
  2   8  3.16096830e+01
  3   8  2.09458050e+01
  4   8  4.94167200e+00
  5   8  2.29215690e+01
  6   8  3.50642690e+01
  2   9  4.09358260e+01
  3   9  2.49549050e+01
  4   9  1.13484510e+01
  5   9  1.24164860e+01
  6   9  2.89109710e+01
  2  10  4.91971470e+01
  3  10  3.30526280e+01
  4  10  1.26074870e+01
  5  10  1.20506110e+01
  6  10  1.56986730e+01
  7  10  3.88000270e+01
  3  11  4.07282590e+01
  4  11  2.01771690e+01
  5  11  8.66770800e+00
  6  11  1.06493970e+01
  7  11  2.43656440e+01
  8  11  4.77389130e+01
  3  12  4.90095770e+01
  4  12  2.50777610e+01
  5  12  1.33693980e+01
  6  12  0.00000000e+00
  7  12  1.73380680e+01
  8  12  3.20133350e+01
  3  13  5.69808950e+01
  4  13  3.36590800e+01
  5  13  1.65619480e+01
  6  13  3.12500933e+00
  7  13  5.34548100e+00
  8  13  2.31154320e+01
  4  14  3.99545020e+01
  5  14  2.36636860e+01
  6  14  3.01989328e+00
  7  14  2.86341683e+00
  8  14  8.00778100e+00
  9  14  3.19644030e+01
  4  15  4.98258210e+01
  5  15  2.89573790e+01
  6  15  9.87314500e+00
  7  15  1.01438090e-01
  8  15  2.85562200e+00
  9  15  1.65667520e+01
 10  15  4.02153740e+01
  4  16  5.74471390e+01
  5  16  3.71116990e+01
  6  16  1.36941330e+01
  7  16  5.68390700e+00
  8  16 -4.73700217e+00
  9  16  1.06751820e+01
 10  16  2.39867750e+01
  5  17  4.37163220e+01
  6  17  2.10318800e+01
  7  17  7.87007900e+00
  8  17 -8.08764210e-01
  9  17  1.95170100e+00
 10  17  1.65004520e+01
 11  17  3.47195800e+01
  5  18  5.17926400e+01
  6  18  2.49192660e+01
  7  18  1.31131670e+01
  8  18 -7.82816340e-01
  9  18  8.73112000e-01
 10  18  5.31761700e+00
 11  18  2.50379920e+01
  5  19  5.97702510e+01
  6  19  3.24137540e+01
  7  19  1.58562550e+01
  8  19  3.33285800e+00
  9  19 -1.48744512e+00
 10  19  1.75205400e+00
 11  19  1.29293840e+01
 12  19  3.18383940e+01
  5  20  6.94015690e+01
  6  20  3.75035670e+01
  7  20  2.17664980e+01
  8  20  3.79617200e+00
  9  20 -1.74630000e-02
 10  20 -7.04193217e+00
 11  20  6.85048900e+00
 12  20  1.74776940e+01
  5  21  7.83828870e+01
  7  21  2.52319150e+01
  8  21  8.06203400e+00
  9  21 -4.76050000e-02
 10  21 -5.73177600e+00
 11  21 -2.18485700e+00
 12  21  1.09038510e+01
  6  22  5.36112030e+01
  7  22  3.17648050e+01
  8  22  9.28303200e+00
  9  22  2.79337600e+00
 10  22 -8.02471600e+00
 11  22 -5.18139100e+00
 12  22 -3.99986000e-01
  7  23  3.67204290e+01
  8  23  1.46213710e+01
  9  23  3.28526300e+00
 10  23 -5.15404500e+00
 11  23 -9.52985352e+00
 12  23 -5.47367500e+00
 13  23  6.74807100e+00
  8  24  1.85004040e+01
  9  24  7.54451600e+00
 10  24 -5.95164200e+00
 11  24 -8.41790100e+00
 12  24 -1.39335780e+01
 13  24 -4.88120000e-02
 14  24  1.07451860e+01
  8  25  2.73290300e+01
  9  25  1.13341670e+01
 10  25 -2.03550300e+00
 11  25 -9.35781400e+00
 12  25 -1.31927820e+01
 13  25 -8.91597400e+00
 14  25  3.82732200e+00
  8  26  3.46610410e+01
  9  26  1.86746550e+01
 10  26  4.81114000e-01
 11  26 -6.86078000e+00
 12  26 -1.62145440e+01
 13  26 -1.22101390e+01
 14  26 -7.14100300e+00
  9  27  2.51334780e+01
 10  27  7.05091000e+00
 11  27 -5.51779100e+00
 12  27 -1.45865940e+01
 13  27 -1.71968640e+01
 14  27 -1.23845050e+01
 15  27 -6.59032000e-01
  9  28  3.34037960e+01
 10  28  1.12997380e+01
 11  28 -9.88315000e-01
 12  28 -1.50199460e+01
 13  28 -1.68507190e+01
 14  28 -2.14927971e+01
 15  28 -7.14785600e+00
 16  28  4.07320300e+00
  9  29  4.01501900e+01
 10  29  1.83998030e+01
 11  29  2.67999400e+00
 12  29 -1.06123600e+01
 13  29 -1.82077620e+01
 14  29 -2.18950815e+01
 15  29 -1.69528490e+01
 16  29 -3.09442300e+00
 10  30  2.32801200e+01
 11  30  8.47467000e+00
 12  30 -8.88137300e+00
 13  30 -1.58641160e+01
 14  30 -2.44329620e+01
 15  30 -2.02008560e+01
 16  30 -1.40592540e+01
 17  30  4.67454800e+00
 10  31  3.11815940e+01
 11  31  1.22460310e+01
 12  31 -3.12215200e+00
 13  31 -1.49507090e+01
 14  31 -2.29490370e+01
 15  31 -2.44405444e+01
 16  31 -1.90425310e+01
 17  31 -7.03455200e+00
 11  32  1.86401520e+01
 12  32 -8.28901000e-01
 13  32 -1.10993680e+01
 14  32 -2.40776890e+01
 15  32 -2.43048760e+01
 16  32 -2.60155371e+01
 17  32 -1.33347060e+01
 18  32 -2.20035200e+00
 11  33  2.37801130e+01
 12  33  4.96287300e+00
 13  33 -8.49738200e+00
 14  33 -2.05143280e+01
 15  33 -2.63373500e+01
 16  33 -2.65858583e+01
 17  33 -2.10033400e+01
 18  33 -9.38429500e+00
 11  34  3.16801140e+01
 12  34  8.32332400e+00
 13  34 -2.99761900e+00
 14  34 -1.99916840e+01
 15  34 -2.45487020e+01
 16  34 -2.99316890e+01
 17  34 -2.44400860e+01
 18  34 -1.83782930e+01
 12  35  1.56397860e+01
 13  35 -2.23730000e-01
 14  35 -1.43914800e+01
 15  35 -2.48578090e+01
 16  35 -2.88462100e+01
 17  35 -2.90135320e+01
 18  35 -2.30472890e+01
 19  35 -1.11728930e+01
 12  36  2.03801590e+01
 13  36  5.95038400e+00
 14  36 -1.24361250e+01
 15  36 -2.02510450e+01
 16  36 -3.06641410e+01
 17  36 -2.95220080e+01
 18  36 -3.02315420e+01
 19  36 -1.74171820e+01
 20  36 -6.45116600e+00
 12  37  2.82114780e+01
 13  37  9.80956400e+00
 14  37 -6.57151200e+00
 15  37 -1.89960120e+01
 16  37 -2.68964260e+01
 17  37 -3.17615520e+01
 18  37 -3.09476790e+01
 19  37 -2.48002010e+01
 20  37 -1.31360700e+01
 14  38 -4.17029900e+00
 15  38 -1.46215650e+01
 16  38 -2.68612160e+01
 17  38 -2.97981160e+01
 18  38 -3.47148270e+01
 19  38 -2.88007600e+01
 20  38 -2.20585030e+01
 14  39  2.32035200e+00
 15  39 -1.27746360e+01
 16  39 -2.31626720e+01
 17  39 -2.98002180e+01
 18  39 -3.32421950e+01
 19  39 -3.38071954e+01
 20  39 -2.72827070e+01
 21  39 -1.41727260e+01
 14  40  5.66687600e+00
 15  40 -8.13918900e+00
 16  40 -2.28378500e+01
 17  40 -2.75578180e+01
 18  40 -3.50399000e+01
 19  40 -3.35354970e+01
 20  40 -3.48464020e+01
 21  40 -2.05233530e+01
 22  40 -8.99343900e+00
 15  41 -4.97976700e+00
 16  41 -1.90085800e+01
 17  41 -2.73071920e+01
 18  41 -3.30675100e+01
 19  41 -3.55595488e+01
 20  41 -3.51379080e+01
 21  41 -2.86423600e+01
 22  41 -1.56975390e+01
 15  42  1.09184200e+00
 16  42 -1.76377480e+01
 17  42 -2.48317700e+01
 18  42 -3.44226780e+01
 19  42 -3.50220310e+01
 20  42 -3.85472930e+01
 21  42 -3.21210030e+01
 22  42 -2.51043530e+01
 16  43 -1.21954610e+01
 17  43 -2.41595100e+01
 18  43 -3.20098110e+01
 19  43 -3.65753940e+01
 20  43 -3.84088730e+01
 21  43 -3.61881500e+01
 22  43 -2.93155910e+01
 23  43 -1.79163580e+01
 16  44 -9.20423600e+00
 17  44 -2.04789730e+01
 18  44 -3.26732600e+01
 19  44 -3.57814980e+01
 20  44 -4.14687300e+01
 21  44 -3.78160350e+01
 22  44 -3.75485860e+01
 23  44 -2.38080790e+01
 24  44 -1.34218990e+01
 17  45 -1.82625440e+01
 18  45 -2.97708010e+01
 19  45 -3.66156430e+01
 20  45 -4.08122300e+01
 21  45 -4.10723210e+01
 22  45 -3.90102660e+01
 23  45 -3.18864410e+01
 24  45 -1.95148010e+01
 17  46 -1.37349490e+01
 18  46 -2.97712550e+01
 19  46 -3.54139290e+01
 20  46 -4.31396100e+01
 21  46 -4.17616430e+01
 22  46 -4.41282690e+01
 23  46 -3.70758970e+01
 24  46 -2.94715700e+01
 25  46 -1.24177480e+01
 18  47 -2.53672740e+01
 19  47 -3.57119820e+01
 20  47 -4.23446650e+01
 21  47 -4.43368420e+01
 22  47 -4.49376120e+01
 23  47 -4.20070700e+01
 24  47 -3.45630930e+01
 25  47 -2.25663760e+01
 18  48 -2.23549270e+01
 19  48 -3.22844820e+01
 20  48 -4.42248680e+01
 21  48 -4.45040830e+01
 22  48 -4.84929520e+01
 23  48 -4.44780050e+01
 24  48 -4.28213130e+01
 25  48 -2.92966440e+01
 26  48 -1.80085750e+01
 19  49 -2.96114960e+01
 20  49 -4.13000030e+01
 21  49 -4.65624470e+01
 22  49 -4.85640120e+01
 23  49 -4.79621570e+01
 24  49 -4.53323520e+01
 25  49 -3.76199250e+01
 26  49 -2.47507300e+01
 19  50 -2.57278530e+01
 20  50 -3.95892300e+01
 21  50 -4.45371200e+01
 22  50 -5.14318670e+01
 23  50 -4.92232400e+01
 24  50 -5.02613640e+01
 25  50 -4.26268860e+01
 26  50 -3.44764600e+01
 27  50 -1.75894030e+01
 19  51 -2.25154570e+01
 20  51 -3.63323100e+01
 21  51 -4.32503530e+01
 22  51 -4.97329650e+01
 23  51 -5.22031050e+01
 24  51 -5.14507150e+01
 25  51 -4.82432250e+01
 26  51 -4.01891850e+01
 27  51 -2.73421460e+01
 19  52 -1.71376280e+01
 20  52 -3.42662720e+01
 21  52 -4.05235600e+01
 22  52 -4.94776980e+01
 23  52 -5.14430320e+01
 24  52 -5.54195080e+01
 25  52 -5.07113870e+01
 26  52 -4.83320950e+01
 27  52 -3.43439790e+01
 28  52 -2.25598560e+01
 19  53 -1.22957220e+01
 20  53 -2.93877070e+01
 21  53 -3.87695550e+01
 22  53 -4.68814330e+01
 23  53 -5.18516750e+01
 24  53 -5.52876180e+01
 25  53 -5.46903500e+01
 26  53 -5.09474830e+01
 27  53 -4.26593760e+01
 28  53 -2.96308270e+01
 20  54 -2.51605870e+01
 21  54 -3.44379340e+01
 22  54 -4.57438120e+01
 23  54 -4.98982670e+01
 24  54 -5.69353790e+01
 25  54 -5.55582470e+01
 26  54 -5.62546150e+01
 27  54 -4.80100680e+01
 28  54 -3.92783120e+01
 20  55 -1.86503750e+01
 21  55 -3.08421080e+01
 22  55 -4.18324690e+01
 23  55 -4.91251360e+01
 24  55 -5.51103240e+01
 25  55 -5.77125420e+01
 26  55 -5.74814220e+01
 27  55 -5.40299960e+01
 28  55 -4.53359610e+01
 29  55 -3.16354030e+01
 20  56 -1.35103900e+01
 21  56 -2.55158480e+01
 22  56 -3.94229950e+01
 23  56 -4.61834010e+01
 24  56 -5.52851280e+01
 25  56 -5.69116660e+01
 26  56 -6.06071630e+01
 27  56 -5.60405180e+01
 28  56 -5.39076490e+01
 29  56 -3.86297330e+01
 21  57 -2.13796530e+01
 22  57 -3.44018480e+01
 23  57 -4.44350630e+01
 24  57 -5.25249850e+01
 25  57 -5.74862790e+01
 26  57 -6.01820170e+01
 27  57 -5.93456580e+01
 28  57 -5.60839610e+01
 29  57 -4.73090140e+01
 21  58 -1.54795690e+01
 22  58 -3.09176680e+01
 23  58 -4.04305840e+01
 24  58 -5.19918080e+01
 25  58 -5.58275680e+01
 26  58 -6.21552710e+01
 27  58 -5.98472920e+01
 28  58 -6.02288710e+01
 29  58 -5.16678510e+01
 30  58 -4.22988710e+01
 21  59 -1.08295500e+01
 23  59 -3.76106170e+01
 24  59 -4.81159310e+01
 25  59 -5.55253280e+01
 26  59 -6.06649570e+01
 27  59 -6.22298380e+01
 28  59 -6.11568330e+01
 29  59 -5.63584540e+01
 30  59 -4.72156780e+01
 22  60 -2.20996980e+01
 23  60 -3.30874020e+01
 24  60 -4.69085000e+01
 25  60 -5.29679460e+01
 26  60 -6.14131740e+01
 27  60 -6.16504370e+01
 28  60 -6.44732430e+01
 29  60 -5.83452620e+01
 30  60 -5.41744700e+01
 23  61 -3.01771210e+01
 24  61 -4.24965020e+01
 25  61 -5.17421300e+01
 26  61 -5.89205030e+01
 27  61 -6.28981790e+01
 28  61 -6.42220290e+01
 29  61 -6.19840630e+01
 30  61 -5.63489060e+01
 31  61 -4.71346620e+01
 23  62 -2.52131640e+01
 24  62 -4.08526110e+01
 25  62 -4.85239650e+01
 26  62 -5.88780570e+01
 27  62 -6.14243990e+01
 28  62 -6.67464400e+01
 29  62 -6.27875430e+01
 30  62 -6.11680880e+01
 31  62 -5.19870220e+01
 23  63 -2.17401410e+01
 24  63 -3.61782990e+01
 25  63 -4.68870610e+01
 26  63 -5.56356290e+01
 27  63 -6.18515530e+01
 28  63 -6.55128910e+01
 29  63 -6.55798680e+01
 30  63 -6.22134290e+01
 31  63 -5.65471000e+01
 32  63 -4.69212210e+01
 24  64 -3.36399780e+01
 25  64 -4.29890400e+01
 26  64 -5.49695520e+01
 27  64 -5.97924420e+01
 28  64 -6.70990340e+01
 29  64 -6.54244180e+01
 30  64 -6.60040180e+01
 31  64 -5.88328270e+01
 32  64 -5.43155030e+01
 25  65 -4.09673440e+01
 26  65 -5.12179020e+01
 27  65 -5.91852050e+01
 28  65 -6.51257960e+01
 29  65 -6.72636770e+01
 30  65 -6.59120240e+01
 31  65 -6.26574860e+01
 32  65 -5.64782230e+01
 33  65 -4.69370560e+01
 25  66 -3.67503920e+01
 26  66 -5.00678470e+01
 27  66 -5.64085410e+01
 28  66 -6.60062930e+01
 29  66 -6.62582890e+01
 30  66 -6.88992290e+01
 31  66 -6.37237290e+01
 32  66 -6.16070410e+01
 33  66 -5.20250840e+01
 26  67 -4.57084160e+01
 27  67 -5.53217830e+01
 28  67 -6.37426880e+01
 29  67 -6.73195530e+01
 30  67 -6.78803760e+01
 31  67 -6.68791560e+01
 32  67 -6.26737180e+01
 33  67 -5.65872320e+01
 34  67 -4.65802940e+01
 27  68 -5.16425910e+01
 28  68 -6.34638220e+01
 29  68 -6.55670430e+01
 30  68 -7.00071540e+01
 31  68 -6.70860540e+01
 32  68 -6.69787990e+01
 33  68 -5.88945270e+01
 34  68 -5.41894490e+01
 27  69 -5.03854470e+01
 28  69 -5.99786560e+01
 29  69 -6.57362210e+01
 30  69 -6.84179060e+01
 31  69 -6.93278200e+01
 32  69 -6.71006740e+01
 33  69 -6.31121810e+01
 34  69 -5.64347140e+01
 35  69 -4.62594780e+01
 27  70 -4.65249630e+01
 28  70 -5.92138680e+01
 29  70 -6.29763810e+01
 30  70 -6.95647480e+01
 31  70 -6.89101500e+01
 32  70 -7.05620360e+01
 33  70 -6.43339730e+01
 34  70 -6.19299000e+01
 35  70 -5.14256270e+01
 27  71 -4.43699300e+01
 28  71 -5.54062360e+01
 29  71 -6.27111340e+01
 30  71 -6.73287860e+01
 31  71 -7.01391270e+01
 32  71 -6.99066570e+01
 33  71 -6.78932570e+01
 34  71 -6.31465150e+01
 35  71 -5.65024260e+01
 36  71 -4.63272110e+01
 28  72 -5.42260680e+01
 29  72 -5.97830060e+01
 30  72 -6.81454950e+01
 31  72 -6.85882840e+01
 32  72 -7.25859100e+01
 33  72 -6.82298080e+01
 34  72 -6.78681890e+01
 35  72 -5.90617500e+01
 36  72 -5.39405820e+01
 28  73 -5.01081590e+01
 29  73 -5.89874450e+01
 30  73 -6.55934110e+01
 31  73 -6.96993430e+01
 32  73 -7.12975320e+01
 33  73 -7.09527570e+01
 34  73 -6.82273960e+01
 35  73 -6.36457870e+01
 36  73 -5.65517580e+01
 37  73 -4.60116110e+01
 29  74 -5.60062130e+01
 30  74 -6.57567200e+01
 31  74 -6.80496260e+01
 32  74 -7.34224510e+01
 33  74 -7.08600640e+01
 34  74 -7.22132100e+01
 35  74 -6.52881610e+01
 36  74 -6.23318440e+01
 37  74 -5.19160160e+01
 29  75 -5.44702190e+01
 30  75 -6.25589160e+01
 31  75 -6.84606390e+01
 32  75 -7.18569730e+01
 33  75 -7.30342030e+01
 34  75 -7.21694890e+01
 35  75 -6.91070200e+01
 36  75 -6.43236320e+01
 37  75 -5.72187020e+01
 38  75 -4.66187020e+01
 29  76 -5.09816270e+01
 30  76 -6.23030240e+01
 31  76 -6.62966480e+01
 32  76 -7.32128980e+01
 33  76 -7.22913840e+01
 34  76 -7.52519590e+01
 35  76 -7.02890780e+01
 36  76 -6.90137060e+01
 37  76 -6.04790890e+01
 38  76 -5.42476450e+01
 29  77 -4.88628280e+01
 30  77 -5.87892030e+01
 31  77 -6.59923520e+01
 32  77 -7.12128700e+01
 33  77 -7.39163340e+01
 34  77 -7.45994970e+01
 35  77 -7.32348180e+01
 36  77 -7.01694510e+01
 37  77 -6.48305000e+01
 38  77 -5.78034430e+01
 29  78 -4.47894740e+01
 30  78 -5.74832420e+01
 31  78 -6.37040850e+01
 32  78 -7.18620580e+01
 33  78 -7.28169700e+01
 34  78 -7.70259520e+01
 35  78 -7.34521680e+01
 36  78 -7.41782830e+01
 37  78 -6.69354270e+01
 38  78 -6.31739490e+01
 29  79 -4.24080390e+01
 30  79 -5.34323020e+01
 31  79 -6.25483550e+01
 32  79 -6.95271800e+01
 33  79 -7.36360810e+01
 34  79 -7.59174660e+01
 35  79 -7.60680670e+01
 36  79 -7.44422900e+01
 37  79 -7.08027780e+01
 38  79 -6.54796640e+01
 39  79 -5.78029350e+01
 30  80 -5.16486190e+01
 31  80 -5.92236750e+01
 32  80 -6.95353140e+01
 33  80 -7.22146010e+01
 34  80 -7.77594870e+01
 35  80 -7.58890250e+01
 36  80 -7.78934550e+01
 37  80 -7.21754760e+01
 38  80 -7.03114670e+01
 39  80 -6.11481620e+01
 30  81 -4.61996690e+01
 31  81 -5.76279620e+01
 32  81 -6.62916950e+01
 33  81 -7.25333140e+01
 34  81 -7.63890190e+01
 35  81 -7.79770510e+01
 36  81 -7.76961990e+01
 37  81 -7.54567040e+01
 38  81 -7.15281340e+01
 39  81 -6.57129190e+01
 40  81 -5.75244180e+01
 30  82 -4.23139600e+01
 31  82 -5.29307250e+01
 32  82 -6.54150750e+01
 33  82 -7.01054270e+01
 34  82 -7.75938950e+01
 35  82 -7.74986770e+01
 36  82 -8.05917951e+01
 37  82 -7.61878130e+01
 38  82 -7.60100620e+01
 39  82 -6.80640970e+01
 40  82 -6.36140630e+01
 31  83 -4.92571290e+01
 32  83 -6.09764420e+01
 33  83 -6.96693310e+01
 34  83 -7.53405430e+01
 35  83 -7.90137210e+01
 36  83 -7.99906430e+01
 37  83 -7.90706390e+01
 38  83 -7.67976160e+01
 39  83 -7.22056720e+01
 40  83 -6.59116590e+01
 41  83 -5.76129100e+01
 31  84 -4.40941360e+01
 32  84 -5.81484350e+01
 33  84 -6.58535680e+01
 34  84 -7.59477310e+01
 35  84 -7.77830940e+01
 36  84 -8.24393453e+01
 37  84 -7.97589750e+01
 38  84 -8.06495800e+01
 39  84 -7.38944390e+01
 40  84 -7.14216920e+01
 41  84 -6.11938420e+01
 31  85 -3.97440590e+01
 32  85 -5.31234270e+01
 33  85 -6.31891520e+01
 34  85 -7.24136450e+01
 35  85 -7.85754780e+01
 36  85 -8.14803410e+01
 37  85 -8.21673406e+01
 38  85 -8.11032900e+01
 39  85 -7.78421310e+01
 40  85 -7.31751960e+01
 41  85 -6.62796840e+01
 42  85 -5.75097600e+01
 32  86 -4.93999270e+01
 33  86 -5.89621500e+01
 34  86 -7.05031750e+01
 35  86 -7.56322610e+01
 36  86 -8.32656759e+01
 37  86 -8.27470030e+01
 38  86 -8.45230998e+01
 39  86 -7.92831000e+01
 40  86 -7.79690230e+01
 41  86 -6.91340610e+01
 42  86 -6.41109270e+01
 33  87 -5.56179140e+01
 34  87 -6.64261330e+01
 35  87 -7.38916850e+01
 36  87 -8.07095310e+01
 37  87 -8.45978020e+01
 38  87 -8.48800764e+01
 39  87 -8.30183870e+01
 40  87 -7.93471470e+01
 41  87 -7.38744930e+01
 42  87 -6.68848170e+01
 43  87 -5.76900520e+01
 34  88 -6.38842030e+01
 35  88 -7.07159670e+01
 36  88 -7.96912950e+01
 37  88 -8.26090040e+01
 38  88 -8.79216288e+01
 39  88 -8.42990290e+01
 40  88 -8.36288740e+01
 41  88 -7.61715550e+01
 42  88 -7.26865530e+01
 43  88 -6.16703010e+01
 34  89 -5.89923980e+01
 35  89 -6.82742710e+01
 36  89 -7.65357950e+01
 37  89 -8.17123990e+01
 38  89 -8.62090260e+01
 39  89 -8.77112020e+01
 40  89 -8.48779740e+01
 41  89 -8.06257550e+01
 42  89 -7.50149440e+01
 43  89 -6.73948570e+01
 44  89 -5.83694240e+01
 34  90 -5.58002230e+01
 35  90 -6.40003060e+01
 36  90 -7.49592590e+01
 37  90 -7.93655730e+01
 38  90 -8.59509450e+01
 39  90 -8.64969120e+01
 40  90 -8.87725470e+01
 41  90 -8.26615310e+01
 42  90 -8.01725140e+01
 43  90 -7.07246960e+01
 44  90 -6.48838010e+01
 34  91 -5.05801300e+01
 35  91 -6.11073010e+01
 36  91 -7.09739740e+01
 37  91 -7.77450490e+01
 38  91 -8.36519500e+01
 39  91 -8.63513210e+01
 40  91 -8.78955920e+01
 41  91 -8.66380280e+01
 42  91 -8.22088340e+01
 43  91 -7.59866570e+01
 44  91 -6.82398330e+01
 35  92 -5.62328120e+01
 36  92 -6.87693290e+01
 37  92 -7.47724500e+01
 38  92 -8.28673710e+01
 39  92 -8.48164940e+01
 40  92 -8.84590240e+01
 41  92 -8.64532900e+01
 42  92 -8.68085870e+01
 43  92 -7.89257030e+01
 44  92 -7.43012110e+01
 45  92 -6.29990950e+01
 46  92 -5.47790950e+01
 35  93 -5.28902350e+01
 36  93 -6.41360020e+01
 37  93 -7.26199000e+01
 38  93 -8.00858440e+01
 39  93 -8.42271550e+01
 40  93 -8.71220280e+01
 41  93 -8.72128400e+01
 42  93 -8.68070790e+01
 43  93 -8.36061160e+01
 44  93 -7.72167230e+01
 45  93 -6.90118100e+01
 46  93 -5.89818100e+01
 36  94 -6.13477800e+01
 37  94 -6.85627910e+01
 38  94 -7.88457210e+01
 39  94 -8.23514730e+01
 40  94 -8.72693320e+01
 41  94 -8.63690630e+01
 42  94 -8.84140790e+01
 43  94 -8.41583320e+01
 44  94 -8.25836020e+01
 45  94 -7.29076230e+01
 46  94 -6.61022810e+01
 36  95 -5.61589200e+01
 37  95 -6.58903070e+01
 38  95 -7.51172840e+01
 39  95 -8.12079370e+01
 40  95 -8.56599400e+01
 41  95 -8.67862720e+01
 42  95 -8.77118720e+01
 43  95 -8.60213550e+01
 44  95 -8.34577590e+01
 45  95 -7.83406160e+01
 46  95 -6.99659130e+01
 36  96 -5.30816820e+01
 37  96 -6.13543510e+01
 38  96 -7.29182480e+01
 39  96 -7.83299860e+01
 40  96 -8.54388600e+01
 41  96 -8.56028300e+01
 42  96 -8.87948890e+01
 43  96 -8.58216480e+01
 44  96 -8.60803850e+01
 45  96 -7.96877320e+01
 46  96 -7.61834200e+01
 47  96 -6.45116450e+01
 36  97 -4.74234990e+01
 37  97 -5.85191450e+01
 38  97 -6.85806740e+01
 39  97 -7.61154550e+01
 40  97 -8.29366930e+01
 41  97 -8.56027970e+01
 42  97 -8.75447000e+01
 43  97 -8.72244360e+01
 44  97 -8.61205640e+01
 45  97 -8.25975640e+01
 46  97 -7.78058520e+01
 47  97 -7.09040270e+01
 48  97 -6.07340270e+01
 37  98 -5.43691520e+01
 38  98 -6.64223890e+01
 39  98 -7.22887480e+01
 40  98 -8.12817570e+01
 41  98 -8.35246120e+01
 42  98 -8.81159800e+01
 43  98 -8.64322140e+01
 44  98 -8.82248710e+01
 45  98 -8.31752190e+01
 46  98 -8.13209850e+01
 47  98 -7.30664250e+01
 48  98 -6.76364250e+01
 37  99 -5.11211500e+01
 38  99 -6.25185270e+01
 39  99 -7.06437300e+01
 40  99 -7.76166700e+01
 41  99 -8.23353440e+01
 42  99 -8.59701060e+01
 43  99 -8.73278690e+01
 44  99 -8.76253850e+01
 45  99 -8.55845220e+01
 46  99 -8.21828610e+01
 47  99 -7.67124830e+01
 48  99 -6.99311320e+01
 37 100 -4.62658840e+01
 38 100 -5.98175050e+01
 39 100 -6.73212410e+01
 40 100 -7.63727360e+01
 41 100 -7.97912460e+01
 42 100 -8.61930290e+01
 43 100 -8.60209510e+01
 44 100 -8.92273910e+01
 45 100 -8.55911300e+01
 46 100 -8.52126720e+01
 47 100 -7.81379690e+01
 48 100 -7.41945950e+01
 49 100 -6.41781460e+01
 50 100 -5.71481460e+01
 37 101 -4.25674170e+01
 38 101 -5.53249140e+01
 39 101 -6.50547870e+01
 40 101 -7.31609870e+01
 41 101 -7.88914880e+01
 42 101 -8.35199520e+01
 43 101 -8.63445930e+01
 44 101 -8.79581130e+01
 45 101 -8.74124280e+01
 46 101 -8.54321450e+01
 47 101 -8.13343840e+01
 48 101 -7.58364660e+01
 49 101 -6.85449010e+01
 50 101 -6.03056240e+01
 37 102 -3.72523120e+01
 38 102 -5.21593110e+01
 39 102 -6.11726410e+01
 40 102 -7.15814270e+01
 41 102 -7.62982650e+01
 42 102 -8.35608660e+01
 43 102 -8.45729210e+01
 44 102 -8.91064350e+01
 45 102 -8.67833160e+01
 46 102 -8.79029630e+01
 47 102 -8.22467020e+01
 48 102 -7.96597020e+01
 49 102 -7.06948960e+01
 50 102 -6.49348960e+01
 39 103 -5.84570340e+01
 40 103 -6.78089930e+01
 41 103 -7.50286670e+01
 42 103 -8.09543310e+01
 43 103 -8.46039200e+01
 44 103 -8.72671680e+01
 45 103 -8.80317050e+01
 46 103 -8.74569800e+01
 47 103 -8.48027020e+01
 48 103 -8.06516260e+01
 49 103 -7.46323970e+01
 40 104 -6.57176600e+01
 41 104 -7.18109970e+01
 42 104 -8.03437480e+01
 43 104 -8.24989690e+01
 44 104 -8.80957630e+01
 45 104 -8.69593440e+01
 46 104 -8.93951230e+01
 47 104 -8.51164700e+01
 48 104 -8.39683910e+01
 49 104 -7.61826750e+01
 50 104 -7.16270570e+01
 52 104 -4.96268310e+01
 40 105 -6.14582740e+01
 41 105 -6.99155470e+01
 42 105 -7.73307880e+01
 43 105 -8.22863030e+01
 44 105 -8.59345430e+01
 45 105 -8.78512700e+01
 46 105 -8.84179050e+01
 47 105 -8.70708480e+01
 48 105 -8.43338490e+01
 49 105 -7.96405820e+01
 50 105 -7.33380010e+01
 51 105 -6.40154910e+01
 52 105 -5.28115090e+01
 41 106 -6.62026780e+01
 42 106 -7.61280030e+01
 43 106 -7.97762530e+01
 44 106 -8.63232530e+01
 45 106 -8.63626560e+01
 46 106 -8.99075430e+01
 47 106 -8.69423990e+01
 48 106 -8.71321530e+01
 49 106 -8.06081500e+01
 50 106 -7.73536980e+01
 51 106 -6.64733010e+01
 52 106 -5.82197590e+01
 41 107 -6.37238050e+01
 42 107 -7.25449750e+01
 43 107 -7.87499670e+01
 44 107 -8.38625650e+01
 45 107 -8.68637110e+01
 46 107 -8.83726540e+01
 47 107 -8.84067000e+01
 48 107 -8.69903250e+01
 49 107 -8.35666670e+01
 50 107 -7.85122390e+01
 51 107 -7.06532480e+01
 41 108 -5.95451980e+01
 42 108 -7.07492970e+01
 43 108 -7.59228310e+01
 44 108 -8.36614040e+01
 45 108 -8.50311560e+01
 46 108 -8.95242150e+01
 47 108 -8.76067920e+01
 48 108 -8.92524230e+01
 49 108 -8.41198280e+01
 50 108 -8.20699490e+01
 51 108 -7.24453410e+01
 52 108 -6.57816760e+01
 54 108 -4.26323570e+01
 41 109 -5.66898000e+01
 42 109 -6.66592850e+01
 43 109 -7.42828280e+01
 44 109 -8.07384550e+01
 45 109 -8.49992510e+01
 46 109 -8.76064840e+01
 47 109 -8.87194310e+01
 48 109 -8.85043300e+01
 49 109 -8.64895260e+01
 50 109 -8.26301800e+01
 51 109 -7.62509860e+01
 52 109 -6.77153990e+01
 53 109 -5.76725050e+01
 54 109 -4.61695460e+01
 41 110 -5.23099140e+01
 42 110 -6.45358140e+01
 43 110 -7.10345640e+01
 44 110 -8.00726290e+01
 45 110 -8.28286930e+01
 46 110 -8.83309040e+01
 47 110 -8.74573060e+01
 48 110 -9.03479690e+01
 49 110 -8.64699690e+01
 50 110 -8.58419930e+01
 51 110 -7.74497450e+01
 52 110 -7.22298210e+01
 53 110 -6.04678440e+01
 54 110 -5.19226360e+01
 42 111 -5.99398130e+01
 43 111 -6.90246750e+01
 44 111 -7.67853250e+01
 45 111 -8.23038710e+01
 46 111 -8.59858860e+01
 47 111 -8.82154470e+01
 48 111 -8.92522470e+01
 49 111 -8.83920500e+01
 50 111 -8.59385810e+01
 51 111 -8.08367470e+01
 52 111 -7.35874870e+01
 53 111 -6.49537950e+01
 43 112 -6.52589320e+01
 44 112 -7.56308730e+01
 45 112 -7.97310520e+01
 46 112 -8.63210390e+01
 47 112 -8.65837290e+01
 48 112 -9.05748570e+01
 49 112 -8.79901270e+01
 50 112 -8.86550490e+01
 51 112 -8.15989730e+01
 52 112 -7.75675180e+01
 53 112 -6.70633390e+01
 54 112 -6.00263480e+01
 43 113 -6.28115490e+01
 44 113 -7.18678160e+01
 45 113 -7.87669440e+01
 46 113 -8.35905000e+01
 47 113 -8.70268250e+01
 48 113 -8.90432860e+01
 49 113 -8.93671230e+01
 50 113 -8.83281290e+01
 51 113 -8.44169660e+01
 52 113 -7.83470370e+01
 53 113 -7.11195170e+01
 54 113 -6.22036260e+01
 55 113 -5.17645390e+01
 43 114 -5.86002940e+01
 44 114 -7.02212130e+01
 45 114 -7.57102750e+01
 46 114 -8.34903460e+01
 47 114 -8.49308110e+01
 48 114 -9.00149340e+01
 49 114 -8.85698070e+01
 50 114 -9.05597350e+01
 51 114 -8.44966160e+01
 52 114 -8.18896760e+01
 53 114 -7.26389350e+01
 54 114 -6.70858990e+01
 55 114 -5.46859280e+01
 56 114 -4.59054370e+01
 44 115 -6.61052960e+01
 45 115 -7.42292280e+01
 46 115 -8.04258220e+01
 47 115 -8.49825870e+01
 48 115 -8.80844800e+01
 49 115 -8.95363570e+01
 50 115 -9.00338460e+01
 51 115 -8.70034120e+01
 52 115 -8.20627670e+01
 53 115 -7.63378050e+01
 54 115 -6.86567570e+01
 44 116 -6.40689170e+01
 45 116 -7.07357420e+01
 46 116 -7.98310260e+01
 47 116 -8.25426640e+01
 48 116 -8.87124890e+01
 49 116 -8.82497580e+01
 50 116 -9.15259790e+01
 51 116 -8.68220200e+01
 52 116 -8.52637930e+01
 53 116 -7.74206540e+01
 54 116 -7.30468770e+01
 44 117 -5.94898710e+01
 45 117 -6.88967580e+01
 46 117 -7.64238900e+01
 47 117 -8.21819180e+01
 48 117 -8.64183970e+01
 49 117 -8.89430350e+01
 50 117 -9.03977420e+01
 51 117 -8.86395640e+01
 52 117 -8.50955000e+01
 53 117 -8.04385680e+01
 54 117 -7.41853470e+01
 55 117 -6.64931010e+01
 56 117 -5.74579060e+01
 45 118 -6.48868400e+01
 46 118 -7.53883580e+01
 47 118 -7.95538020e+01
 48 118 -8.67016490e+01
 49 118 -8.72281770e+01
 50 118 -9.16528430e+01
 51 118 -8.79962040e+01
 52 118 -8.76907580e+01
 53 118 -8.09710560e+01
 54 118 -7.80790670e+01
 55 118 -6.84093770e+01
 45 119 -6.28228020e+01
 46 119 -7.14072770e+01
 47 119 -7.86457590e+01
 48 119 -8.39769390e+01
 49 119 -8.76986580e+01
 50 119 -9.00649850e+01
 51 119 -8.94755390e+01
 52 119 -8.71825390e+01
 53 119 -8.37777310e+01
 54 119 -7.87944880e+01
 55 119 -7.23050610e+01
 56 119 -6.45900960e+01
 46 120 -7.02796040e+01
 47 120 -7.56515120e+01
 48 120 -8.39573650e+01
 49 120 -8.57277410e+01
 50 120 -9.10977410e+01
 51 120 -8.84171330e+01
 52 120 -8.93621600e+01
 53 120 -8.37471600e+01
 54 120 -8.21724340e+01
 55 120 -7.38886490e+01
 56 120 -6.88886490e+01
 45 121 -5.62501340e+01
 46 121 -6.61823370e+01
 47 121 -7.44028310e+01
 48 121 -8.10738370e+01
 49 121 -8.58345930e+01
 50 121 -8.91966260e+01
 51 121 -8.95991570e+01
 52 121 -8.85431110e+01
 53 121 -8.62456490e+01
 54 121 -8.24809970e+01
 55 121 -7.71023420e+01
 56 121 -7.07448470e+01
 46 122 -6.46161690e+01
 47 122 -7.11061180e+01
 48 122 -8.06123840e+01
 49 122 -8.35713610e+01
 50 122 -8.99399530e+01
 51 122 -8.83342050e+01
 52 122 -9.03132820e+01
 53 122 -8.60792820e+01
 54 122 -8.53549880e+01
 55 122 -7.81447690e+01
 56 122 -7.46089520e+01
 46 123 -6.04297480e+01
 47 123 -6.95685810e+01
 48 123 -7.74141830e+01
 49 123 -8.34290340e+01
 50 123 -8.78146830e+01
 51 123 -8.92228900e+01
 52 123 -8.91709780e+01
 53 123 -8.79425880e+01
 54 123 -8.52482580e+01
 55 123 -8.10436570e+01
 56 123 -7.56549630e+01
 47 124 -6.62299510e+01
 48 124 -7.66994360e+01
 49 124 -8.08677780e+01
 50 124 -8.82314750e+01
 51 124 -8.76190690e+01
 52 124 -9.05241420e+01
 53 124 -8.73645550e+01
 54 124 -8.76674050e+01
 55 124 -8.17410600e+01
 56 124 -7.90897860e+01
 57 124 -7.02586170e+01
 47 125 -6.45199390e+01
 48 125 -7.33480900e+01
 49 125 -8.04123080e+01
 50 125 -8.58936570e+01
 51 125 -8.82550940e+01
 52 125 -8.90217940e+01
 53 125 -8.88360240e+01
 54 125 -8.71993610e+01
 55 125 -8.40897420e+01
 56 125 -7.96689760e+01
 57 125 -7.37594920e+01
 48 126 -7.22557270e+01
 49 126 -7.78093770e+01
 50 126 -8.60151350e+01
 51 126 -8.63931350e+01
 52 126 -9.00641680e+01
 53 126 -8.79104960e+01
 54 126 -8.91463869e+01
 55 126 -8.43506830e+01
 56 126 -8.26699130e+01
 57 126 -7.49734760e+01
 58 126 -7.08205650e+01
 48 127 -6.87411990e+01
 49 127 -7.68798970e+01
 50 127 -8.34695780e+01
 51 127 -8.66982940e+01
 52 127 -8.82804970e+01
 53 127 -8.89832170e+01
 54 127 -8.83208830e+01
 55 127 -8.62400270e+01
 56 127 -8.28179550e+01
 57 127 -7.78961160e+01
 58 127 -7.19793440e+01
 48 128 -6.72382450e+01
 49 128 -7.41901170e+01
 50 128 -8.33614300e+01
 51 128 -8.46298520e+01
 52 128 -8.89937940e+01
 53 128 -8.77380300e+01
 54 128 -8.98605343e+01
 55 128 -8.59317730e+01
 56 128 -8.53691560e+01
 57 128 -7.86254390e+01
 58 128 -7.55339250e+01
 59 128 -6.63307640e+01
 48 129 -6.31221420e+01
 49 129 -7.28348890e+01
 50 129 -8.05905970e+01
 51 129 -8.46293840e+01
 52 129 -8.70048840e+01
 53 129 -8.85071760e+01
 54 129 -8.86960697e+01
 55 129 -8.74990500e+01
 56 129 -8.50608660e+01
 57 129 -8.13235410e+01
 58 129 -7.62875040e+01
 59 129 -6.97735660e+01
 48 130 -6.11175970e+01
 49 130 -6.99065300e+01
 50 130 -8.01322170e+01
 51 130 -8.22856870e+01
 52 130 -8.73529600e+01
 53 130 -8.69361880e+01
 54 130 -8.98804740e+01
 55 130 -8.68997540e+01
 56 130 -8.72567760e+01
 57 130 -8.16273740e+01
 58 130 -7.94229130e+01
 59 130 -7.11754640e+01
 60 130 -6.65962390e+01
 48 131 -5.52117600e+01
 49 131 -6.80243690e+01
 50 131 -7.72645790e+01
 51 131 -8.19814120e+01
 52 131 -8.52110220e+01
 53 131 -8.74427270e+01
 54 131 -8.84135749e+01
 55 131 -8.80555740e+01
 56 131 -8.66789580e+01
 57 131 -8.37692650e+01
 58 131 -7.97084480e+01
 59 131 -7.43006640e+01
 60 131 -6.77680400e+01
 48 132 -5.04654290e+01
 49 132 -6.24115540e+01
 50 132 -7.65465540e+01
 51 132 -7.96352820e+01
 52 132 -8.51881970e+01
 53 132 -8.57035020e+01
 54 132 -8.92789745e+01
 55 132 -8.71526930e+01
 56 132 -8.84349030e+01
 57 132 -8.37235780e+01
 58 132 -8.24686880e+01
 59 132 -7.52274640e+01
 60 132 -7.14258150e+01
 50 133 -7.08738900e+01
 51 133 -7.89235130e+01
 52 133 -8.29371330e+01
 53 133 -8.58573020e+01
 54 133 -8.76435830e+01
 55 133 -8.80709430e+01
 56 133 -8.75535120e+01
 57 133 -8.54943920e+01
 58 133 -8.24182230e+01
 59 133 -7.79375910e+01
 60 133 -7.23323800e+01
 61 133 -6.54076530e+01
 50 134 -6.64337590e+01
 51 134 -7.40190040e+01
 52 134 -8.25337520e+01
 53 134 -8.40434400e+01
 54 134 -8.81258344e+01
 55 134 -8.68911650e+01
 56 134 -8.89500020e+01
 57 134 -8.52186590e+01
 58 134 -8.48328980e+01
 59 134 -7.85280000e+01
 60 134 -7.56464430e+01
 61 134 -6.67639080e+01
 50 135 -6.06322520e+01
 51 135 -6.96903320e+01
 52 135 -7.77287900e+01
 53 135 -8.37791800e+01
 54 135 -8.64133650e+01
 55 135 -8.75819560e+01
 56 135 -8.78506550e+01
 57 135 -8.66434580e+01
 58 135 -8.46163080e+01
 59 135 -8.09358720e+01
 60 135 -7.62136200e+01
 61 135 -7.00623290e+01
 62 135 -6.28572220e+01
 51 136 -6.45068900e+01
 52 136 -7.44252790e+01
 53 136 -7.95452250e+01
 54 136 -8.64291700e+01
 55 136 -8.63388550e+01
 56 136 -8.88870790e+01
 57 136 -8.60374880e+01
 58 136 -8.65085500e+01
 59 136 -8.13404210e+01
 60 136 -7.91992970e+01
 61 136 -7.11699230e+01
 62 136 -6.68108990e+01
 51 137 -6.00603920e+01
 52 137 -6.93037620e+01
 53 137 -7.63562680e+01
 54 137 -8.23834140e+01
 55 137 -8.65457720e+01
 56 137 -8.77214010e+01
 57 137 -8.71408650e+01
 58 137 -8.59187650e+01
 59 137 -8.32018140e+01
 60 137 -7.95839690e+01
 61 137 -7.40728580e+01
 62 137 -6.79916550e+01
 63 137 -6.01459040e+01
 52 138 -6.56959950e+01
 53 138 -7.19799100e+01
 54 138 -7.99722440e+01
 55 138 -8.28870280e+01
 56 138 -8.82618060e+01
 57 138 -8.65134080e+01
 58 138 -8.75658670e+01
 59 138 -8.31288670e+01
 60 138 -8.20171820e+01
 61 138 -7.49143700e+01
 62 138 -7.14977720e+01
 63 138 -6.17496760e+01
 52 139 -6.02050800e+01
 53 139 -6.84709640e+01
 54 139 -7.56445860e+01
 55 139 -8.07010880e+01
 56 139 -8.49139180e+01
 57 139 -8.72223810e+01
 58 139 -8.69577410e+01
 59 139 -8.48286520e+01
 60 139 -8.20169300e+01
 61 139 -7.75010280e+01
 62 139 -7.23802290e+01
 63 139 -6.53980510e+01
 52 140 -5.63674490e+01
 53 140 -6.36062230e+01
 54 140 -7.29864610e+01
 55 140 -7.70497380e+01
 56 140 -8.32679050e+01
 57 140 -8.43120590e+01
 58 140 -8.80742270e+01
 59 140 -8.46862270e+01
 60 140 -8.42572460e+01
 61 140 -7.82120460e+01
 62 140 -7.54559450e+01
 63 140 -6.69859450e+01
 64 140 -6.17822780e+01
 65 140 -5.04822780e+01
 53 141 -5.99266660e+01
 54 141 -6.81973090e+01
 55 141 -7.44773510e+01
 56 141 -7.97324920e+01
 57 141 -8.29298440e+01
 58 141 -8.54310580e+01
 59 141 -8.60145330e+01
 60 141 -8.41915200e+01
 61 141 -8.05229320e+01
 62 141 -7.59339590e+01
 63 141 -6.99256470e+01
 64 141 -6.32242310e+01
 65 141 -5.45408430e+01
 53 142 -5.48029690e+01
 54 142 -6.52296480e+01
 55 142 -7.05145560e+01
 56 142 -7.78422570e+01
 57 142 -8.00239500e+01
 58 142 -8.45328960e+01
 59 142 -8.37863670e+01
 60 142 -8.59500550e+01
 61 142 -8.11415360e+01
 62 142 -7.89819300e+01
 63 142 -7.13089300e+01
 64 142 -6.69595220e+01
 65 142 -5.65595220e+01
 54 143 -6.02028820e+01
 55 143 -6.76755190e+01
 56 143 -7.39372050e+01
 57 143 -7.81714670e+01
 58 143 -8.16063780e+01
 59 143 -8.30682000e+01
 60 143 -8.40023100e+01
 61 143 -8.29606640e+01
 62 143 -7.95171350e+01
 63 143 -7.42413110e+01
 64 143 -6.82313110e+01
 65 143 -6.04191920e+01
 66 143 -5.21689490e+01
 54 144 -5.68723010e+01
 55 144 -6.32713620e+01
 56 144 -7.17671300e+01
 57 144 -7.48496600e+01
 58 144 -8.04319420e+01
 59 144 -8.07505880e+01
 60 144 -8.37480280e+01
 61 144 -8.14161160e+01
 62 144 -8.19656260e+01
 63 144 -7.56191750e+01
 64 144 -7.17595110e+01
 65 144 -6.23681880e+01
 66 144 -5.65700910e+01
 67 144 -4.46095210e+01
 54 145 -5.14933370e+01
 55 145 -6.00544240e+01
 56 145 -6.75161830e+01
 57 145 -7.28353250e+01
 58 145 -7.70670590e+01
 59 145 -7.96259900e+01
 60 145 -8.14320040e+01
 61 145 -8.12675060e+01
 62 145 -8.06514070e+01
 63 145 -7.79915240e+01
 64 145 -7.29266260e+01
 65 145 -6.63996930e+01
 66 145 -5.82426070e+01
 67 145 -4.91201130e+01
 54 146 -4.79549500e+01
 55 146 -5.53103800e+01
 56 146 -6.48662690e+01
 57 146 -6.92211740e+01
 58 146 -7.56258680e+01
 59 146 -7.66734860e+01
 60 146 -8.09259160e+01
 61 146 -7.94543600e+01
 62 146 -8.09963600e+01
 63 146 -7.71176030e+01
 64 146 -7.60858230e+01
 65 146 -6.77636440e+01
 66 146 -6.25549280e+01
 67 146 -5.12382270e+01
 68 146 -4.43220190e+01
 55 147 -5.19200730e+01
 56 147 -6.02640360e+01
 57 147 -6.66783970e+01
 58 147 -7.20139020e+01
 59 147 -7.54440930e+01
 60 147 -7.81467940e+01
 61 147 -7.90419840e+01
 62 147 -7.92660480e+01
 63 147 -7.75446110e+01
 64 147 -7.53569280e+01
 65 147 -7.07426740e+01
 66 147 -6.41960470e+01
 67 147 -5.57571010e+01
 68 147 -4.66078140e+01
 69 147 -3.59744070e+01
 55 148 -4.69109500e+01
 56 148 -5.75449110e+01
 57 148 -6.27087420e+01
 58 148 -7.03984240e+01
 59 148 -7.25354520e+01
 60 148 -7.74080660e+01
 61 148 -7.68658770e+01
 62 148 -7.93360670e+01
 63 148 -7.62974820e+01
 64 148 -7.62694190e+01
 65 148 -7.05369470e+01
 66 148 -6.78593970e+01
 67 148 -5.79911660e+01
 68 148 -5.14789970e+01
 69 148 -3.87650340e+01
 56 149 -5.28306200e+01
 57 149 -6.02199210e+01
 58 149 -6.66699210e+01
 59 149 -7.10393730e+01
 60 149 -7.43755350e+01
 61 149 -7.60644040e+01
 62 149 -7.71358980e+01
 63 149 -7.64413170e+01
 64 149 -7.51271730e+01
 65 149 -7.14886390e+01
 66 149 -6.76939900e+01
 67 149 -6.16458540e+01
 68 149 -5.37416210e+01
 56 150 -4.98897990e+01
 57 150 -5.63111470e+01
 58 150 -6.48468630e+01
 59 150 -6.83005090e+01
 60 150 -7.36799510e+01
 61 150 -7.35973360e+01
 62 150 -7.70513360e+01
 63 150 -7.47923690e+01
 64 150 -7.57640510e+01
 65 150 -7.11057890e+01
 66 150 -6.93096180e+01
 67 150 -6.19458920e+01
 68 150 -5.78313230e+01
 57 151 -5.33103390e+01
 58 151 -6.12250580e+01
 59 151 -6.67796810e+01
 60 151 -7.09431830e+01
 61 151 -7.33862600e+01
 62 151 -7.45764800e+01
 63 151 -7.46530980e+01
 64 151 -7.41889200e+01
 65 151 -7.16235410e+01
 66 151 -6.87523880e+01
 67 151 -6.36227460e+01
 68 151 -5.82662900e+01
 69 151 -5.07716130e+01
 70 151 -4.15423520e+01
 59 152 -6.37580700e+01
 60 152 -7.01496630e+01
 61 152 -7.12544680e+01
 62 152 -7.47629770e+01
 63 152 -7.28885000e+01
 64 152 -7.47073040e+01
 65 152 -7.07173040e+01
 66 152 -7.01179630e+01
 67 152 -6.36046360e+01
 68 152 -6.05002180e+01
 69 152 -5.17202790e+01
 70 152 -4.62703860e+01
 59 153 -6.15684900e+01
 60 153 -6.73303800e+01
 61 153 -7.06480030e+01
 62 153 -7.25600590e+01
 63 153 -7.33674660e+01
 64 153 -7.28829440e+01
 65 153 -7.13136100e+01
 66 153 -6.91431970e+01
 67 153 -6.50120740e+01
 68 153 -6.04666820e+01
 69 153 -5.39726100e+01
 71 153 -3.83754620e+01
 59 154 -5.78596020e+01
 60 154 -6.55796020e+01
 61 154 -6.82666020e+01
 62 154 -7.24555640e+01
 63 154 -7.17383670e+01
 64 154 -7.37063580e+01
 65 154 -7.01567070e+01
 66 154 -7.03940150e+01
 67 154 -6.46393780e+01
 68 154 -6.26049740e+01
 69 154 -5.44271420e+01
 70 154 -4.99320930e+01
 59 155 -5.54153350e+01
 60 155 -6.22837960e+01
 61 155 -6.69400060e+01
 62 155 -7.01912060e+01
 63 155 -7.18183370e+01
 64 155 -7.20702980e+01
 65 155 -7.12504390e+01
 66 155 -6.91559390e+01
 67 155 -6.60397990e+01
 68 155 -6.22091720e+01
 69 155 -5.66259210e+01
 70 155 -5.05026140e+01
 71 155 -4.25450560e+01
 59 156 -5.14493070e+01
 60 156 -6.02021300e+01
 61 156 -6.41668470e+01
 62 156 -6.93607350e+01
 63 156 -7.00828440e+01
 64 156 -7.25353330e+01
 65 156 -7.00910100e+01
 66 156 -7.05293860e+01
 67 156 -6.55384030e+01
 68 156 -6.42116830e+01
 69 156 -5.68344170e+01
 70 156 -5.32655380e+01
 71 156 -4.36995500e+01
 72 156 -3.78195140e+01
 59 157 -4.84348060e+01
 60 157 -5.64941170e+01
 61 157 -6.22971160e+01
 62 157 -6.66776540e+01
 63 157 -6.94591340e+01
 64 157 -7.08238960e+01
 65 157 -7.07638480e+01
 66 157 -6.94246690e+01
 67 157 -6.68328620e+01
 68 157 -6.34136480e+01
 69 157 -5.87092790e+01
 70 157 -5.34199120e+01
 71 157 -4.64398180e+01
 73 157 -2.95959480e+01
 60 158 -5.38351230e+01
 61 158 -5.91061430e+01
 62 158 -6.52518490e+01
 63 158 -6.72704610e+01
 64 158 -7.06899690e+01
 65 158 -6.94708830e+01
 66 158 -7.04071520e+01
 67 158 -6.61873960e+01
 68 158 -6.53038150e+01
 69 158 -5.87032000e+01
 70 158 -5.60096200e+01
 71 158 -4.72122000e+01
 72 158 -4.21023990e+01
 60 159 -4.97240070e+01
 61 159 -5.65543510e+01
 62 159 -6.22078490e+01
 63 159 -6.60433860e+01
 64 159 -6.85618570e+01
 65 159 -6.95325820e+01
 66 159 -6.91672200e+01
 67 159 -6.73296200e+01
 68 159 -6.45611200e+01
 69 159 -6.05704040e+01
 70 159 -5.58335170e+01
 71 159 -4.97086090e+01
 72 159 -4.28526060e+01
 73 159 -3.44391570e+01
 60 160 -4.67245150e+01
 61 160 -5.28946390e+01
 62 160 -6.02331720e+01
 63 160 -6.34934490e+01
 64 160 -6.79420600e+01
 65 160 -6.78364740e+01
 66 160 -6.96724250e+01
 67 160 -6.63824250e+01
 68 160 -6.60641760e+01
 69 160 -6.03010370e+01
 70 160 -5.81632270e+01
 71 160 -5.02699420e+01
 72 160 -4.59387470e+01
 73 160 -3.58237000e+01
 74 160 -2.93290730e+01
 61 161 -5.00865890e+01
 62 161 -5.66720430e+01
 63 161 -6.17916010e+01
 64 161 -6.55061420e+01
 65 161 -6.74617780e+01
 66 161 -6.80554940e+01
 67 161 -6.71962940e+01
 68 161 -6.52012980e+01
 69 161 -6.18987150e+01
 70 161 -5.78342480e+01
 71 161 -5.25623490e+01
 72 161 -4.63158170e+01
 73 161 -3.87785750e+01
 75 161 -2.08428200e+01
 62 162 -5.43790530e+01
 63 162 -5.87229440e+01
 64 162 -6.42807200e+01
 65 162 -6.58795480e+01
 66 162 -6.81811690e+01
 67 162 -6.60405630e+01
 68 162 -6.63342100e+01
 69 162 -6.14774820e+01
 70 162 -5.98211630e+01
 71 162 -5.28317590e+01
 72 162 -4.91684260e+01
 73 162 -3.97814050e+01
 74 162 -3.39992170e+01
 62 163 -5.05996120e+01
 63 163 -5.65738190e+01
 64 163 -6.13885910e+01
 65 163 -6.45957540e+01
 66 163 -6.63808580e+01
 67 163 -6.63780270e+01
 68 163 -6.51674130e+01
 69 163 -6.27284130e+01
 70 163 -5.92938780e+01
 71 163 -5.47914150e+01
 72 163 -4.92693200e+01
 73 163 -4.25346340e+01
 74 163 -3.49084390e+01
 75 163 -2.60022530e+01
 62 164 -4.79253140e+01
 63 164 -5.32321460e+01
 64 164 -5.96936880e+01
 65 164 -6.21049830e+01
 66 164 -6.59676490e+01
 67 164 -6.49805170e+01
 68 164 -6.59425730e+01
 69 164 -6.19089430e+01
 70 164 -6.10121710e+01
 71 164 -5.46423760e+01
 72 164 -5.18183560e+01
 73 164 -4.32828050e+01
 74 164 -3.82355550e+01
 75 164 -2.74724410e+01
 76 164 -2.04247230e+01
 63 165 -5.07291030e+01
 64 165 -5.65257820e+01
 65 165 -6.05888490e+01
 66 165 -6.36122890e+01
 67 165 -6.48980170e+01
 68 165 -6.45213530e+01
 69 165 -6.29300240e+01
 70 165 -6.02953880e+01
 71 165 -5.64422480e+01
 72 165 -5.16355130e+01
 73 165 -4.58478720e+01
 74 165 -3.88613160e+01
 75 165 -3.06593530e+01
 64 166 -5.43709260e+01
 65 166 -5.78087780e+01
 66 166 -6.25844710e+01
 67 166 -6.30703390e+01
 68 166 -6.49241450e+01
 69 166 -6.18864780e+01
 70 166 -6.15937060e+01
 71 166 -5.60209870e+01
 72 166 -5.38589890e+01
 73 166 -4.60977800e+01
 74 166 -4.18874710e+01
 75 166 -3.18373350e+01
 76 166 -2.54315260e+01
 64 167 -5.07757320e+01
 65 167 -5.58830820e+01
 66 167 -5.99114510e+01
 67 167 -6.22794590e+01
 68 167 -6.32892560e+01
 69 167 -6.25431170e+01
 70 167 -6.05899000e+01
 71 167 -5.75262810e+01
 72 167 -5.34677610e+01
 73 167 -4.83510640e+01
 74 167 -4.20932120e+01
 76 167 -2.64988600e+01
 77 167 -1.70724480e+01
 65 168 -5.27811810e+01
 66 168 -5.85583980e+01
 67 168 -6.00592310e+01
 68 168 -6.29892310e+01
 69 168 -6.13123790e+01
 70 168 -6.15798670e+01
 71 168 -5.70728320e+01
 72 168 -5.53605570e+01
 73 168 -4.83939130e+01
 74 168 -4.48929300e+01
 75 168 -3.57948890e+01
 76 168 -2.99949950e+01
 77 168 -1.86662300e+01
 78 168 -1.10100780e+01
 66 169 -5.55960100e+01
 67 169 -5.87960100e+01
 68 169 -6.09211630e+01
 69 169 -6.12746540e+01
 70 169 -6.03755270e+01
 71 169 -5.80825270e+01
 72 169 -5.47168950e+01
 73 169 -5.02904350e+01
 74 169 -4.49178660e+01
 75 169 -3.84092470e+01
 76 169 -3.07229840e+01
 77 169 -2.20934160e+01
 67 170 -5.62375140e+01
 68 170 -6.01075140e+01
 69 170 -5.97953140e+01
 70 170 -6.07639290e+01
 71 170 -5.73062340e+01
 72 170 -5.62538600e+01
 73 170 -5.01376700e+01
 74 170 -4.72908040e+01
 75 170 -3.89039960e+01
 76 170 -3.39256920e+01
 78 170 -1.62992020e+01
 67 171 -5.45178220e+01
 68 171 -5.77178220e+01
 69 171 -5.92102710e+01
 70 171 -5.93068180e+01
 71 171 -5.78284650e+01
 72 171 -5.54313510e+01
 73 171 -5.17202790e+01
 74 171 -4.70860950e+01
 75 171 -4.12502850e+01
 76 171 -3.42972380e+01
 77 171 -2.64120300e+01
 78 171 -1.74665690e+01
 79 171 -7.56230300e+00
 68 172 -5.64825780e+01
 69 172 -5.73735540e+01
 70 172 -5.92554560e+01
 71 172 -5.67360760e+01
 72 172 -5.64022320e+01
 73 172 -5.13299830e+01
 74 172 -4.90971910e+01
 75 172 -4.15668390e+01
 76 172 -3.72436410e+01
 77 172 -2.73793730e+01
 78 172 -2.11066700e+01
 79 172 -9.31801100e+00
 80 172 -1.06136100e+00
 69 173 -5.62560670e+01
 70 173 -5.75512340e+01
 71 173 -5.68810140e+01
 72 173 -5.54117900e+01
 73 173 -5.23965430e+01
 74 173 -4.87273880e+01
 75 173 -4.35538700e+01
 76 173 -3.74382500e+01
 77 173 -3.02684560e+01
 78 173 -2.19367580e+01
 79 173 -1.28320170e+01
 69 174 -5.38645210e+01
 70 174 -5.69445210e+01
 71 174 -5.55702920e+01
 72 174 -5.58445830e+01
 73 174 -5.17407710e+01
 74 174 -5.02270930e+01
 75 174 -4.36731010e+01
 76 174 -3.99953830e+01
 77 174 -3.07859370e+01
 78 174 -2.53176080e+01
 80 174 -6.64101700e+00
 69 175 -5.23105560e+01
 70 175 -5.46955560e+01
 71 175 -5.51656780e+01
 72 175 -5.44817630e+01
 73 175 -5.24086530e+01
 74 175 -4.96328000e+01
 75 175 -4.52883120e+01
 76 175 -4.01053600e+01
 77 175 -3.33945110e+01
 78 175 -2.57086840e+01
 79 175 -1.74036860e+01
 80 175 -7.96944300e+00
 69 176 -4.93713220e+01
 70 176 -5.34913220e+01
 71 176 -5.33823330e+01
 72 176 -5.45764280e+01
 73 176 -5.13653790e+01
 74 176 -5.06416080e+01
 75 176 -4.50628900e+01
 76 176 -4.21311840e+01
 77 176 -3.38819230e+01
 78 176 -2.89339180e+01
 79 176 -1.85209670e+01
 80 176 -1.17846390e+01
 81 176  5.84728000e-01
 70 177 -5.09864040e+01
 71 177 -5.23839030e+01
 72 177 -5.28807450e+01
 73 177 -5.17147450e+01
 74 177 -4.97017310e+01
 75 177 -4.62691750e+01
 76 177 -4.19564480e+01
 77 177 -3.60474250e+01
 78 177 -2.93704370e+01
 79 177 -2.15457360e+01
 80 177 -1.27758230e+01
 81 177 -3.34010300e+00
 70 178 -4.96771390e+01
 71 178 -5.03378810e+01
 72 178 -5.24353660e+01
 74 178 -5.04070660e+01
 75 178 -4.56534570e+01
 76 178 -4.35442430e+01
 77 178 -3.62543140e+01
 78 178 -3.19974860e+01
 79 178 -2.23030290e+01
 80 178 -1.63153460e+01
 82 178  3.57337100e+00
 71 179 -4.90590130e+01
 72 179 -5.04630360e+01
 73 179 -5.03574560e+01
 74 179 -4.92952470e+01
 75 179 -4.65843120e+01
 76 179 -4.30201370e+01
 77 179 -3.80817190e+01
 78 179 -3.22681270e+01
 79 179 -2.49885720e+01
 80 179 -1.69329240e+01
 81 179 -8.26963200e+00
 82 179  2.05160800e+00
 71 180 -4.66764760e+01
 72 180 -4.97794760e+01
 73 180 -4.89336310e+01
 74 180 -4.96362430e+01
 75 180 -4.58373640e+01
 76 180 -4.43561980e+01
 77 180 -3.79775300e+01
 78 180 -3.44298750e+01
 79 180 -2.56256460e+01
 80 180 -2.02505130e+01
 81 180 -9.39043800e+00
 82 180 -1.94106900e+00
 71 181 -4.47974140e+01
 72 181 -4.74029580e+01
 73 181 -4.84390640e+01
 74 181 -4.82339450e+01
 75 181 -4.65174120e+01
 76 181 -4.35499680e+01
 77 181 -3.94630350e+01
 78 181 -3.43814970e+01
 79 181 -2.78711400e+01
 80 181 -2.06611270e+01
 81 181 -1.27987490e+01
 82 181 -3.11063100e+00
 72 182 -4.60496360e+01
 73 182 -4.64306850e+01
 74 182 -4.82461440e+01
 75 182 -4.54461440e+01
 76 182 -4.46091090e+01
 77 182 -3.90516820e+01
 78 182 -3.61684200e+01
 79 182 -2.83039760e+01
 80 182 -2.35768850e+01
 81 182 -1.33272130e+01
 82 182 -6.82455600e+00
 71 183 -3.97161140e+01
 72 183 -4.32835470e+01
 73 183 -4.52935470e+01
 74 183 -4.63656630e+01
 75 183 -4.58096630e+01
 76 183 -4.36637600e+01
 77 183 -4.02021380e+01
 78 183 -3.57731970e+01
 79 183 -3.01914880e+01
 80 183 -2.38046550e+01
 81 183 -1.65872610e+01
 82 183 -7.58000800e+00
 72 184 -4.14994530e+01
 73 184 -4.28394530e+01
 74 184 -4.57054530e+01
 75 184 -4.42198190e+01
 76 184 -4.42525650e+01
 77 184 -3.96108550e+01
 78 184 -3.73324860e+01
 79 184 -3.03187140e+01
 80 184 -2.63447870e+01
 81 184 -1.68833550e+01
 82 184 -1.10515860e+01
 72 185 -3.83198040e+01
 73 185 -4.13943710e+01
 74 185 -4.33878710e+01
 75 185 -4.38190470e+01
 76 185 -4.28059080e+01
 77 185 -4.03355580e+01
 78 185 -3.66881440e+01
 79 185 -3.18581500e+01
 80 185 -2.61836510e+01
 81 185 -1.97577450e+01
 82 185 -1.15412110e+01
 72 186 -3.64242140e+01
 73 186 -3.86076020e+01
 74 186 -4.25086020e+01
 75 186 -4.19273200e+01
 76 186 -4.30000320e+01
 77 186 -3.91723500e+01
 78 186 -3.78644470e+01
 79 186 -3.17148560e+01
 80 186 -2.85390590e+01
 81 186 -1.98829400e+01
 82 186 -1.46808970e+01
 83 186 -3.14549700e+00
 84 186  4.10153100e+00
 73 187 -3.68955500e+01
 74 187 -3.99040440e+01
 75 187 -4.12165480e+01
 76 187 -4.12190150e+01
 77 187 -3.95493770e+01
 78 187 -3.66853610e+01
 79 187 -3.30287800e+01
 80 187 -2.81185090e+01
 81 187 -2.24445920e+01
 82 187 -1.49869550e+01
 83 187 -6.38327500e+00
 84 187  2.82380800e+00
 74 188 -3.86678800e+01
 75 188 -3.90168800e+01
 76 188 -4.11373010e+01
 77 188 -3.83449550e+01
 78 188 -3.78209700e+01
 79 188 -3.23713150e+01
 80 188 -3.01983510e+01
 81 188 -2.23364030e+01
 82 188 -1.78110240e+01
 83 188 -7.19480000e+00
 84 188 -5.44378000e-01
 75 189 -3.79790970e+01
 76 189 -3.89868020e+01
 77 189 -3.84496520e+01
 78 189 -3.64694050e+01
 79 189 -3.35819580e+01
 80 189 -2.96263780e+01
 81 189 -2.46161050e+01
 82 189 -1.78440190e+01
 83 189 -1.00646640e+01
 84 189 -1.42199600e+00
 74 190 -3.43688320e+01
 75 190 -3.55830150e+01
 76 190 -3.87078250e+01
 77 190 -3.67536140e+01
 78 190 -3.73065040e+01
 79 190 -3.28335400e+01
 80 190 -3.13706250e+01
 81 190 -2.43662360e+01
 82 190 -2.04166070e+01
 83 190 -1.05959060e+01
 84 190 -4.56270800e+00
 74 191 -3.11761760e+01
 75 191 -3.43504080e+01
 76 191 -3.63952390e+01
 77 191 -3.67088260e+01
 78 191 -3.56983360e+01
 79 191 -3.37979100e+01
 80 191 -3.05918490e+01
 81 191 -2.62829510e+01
 82 191 -2.02912430e+01
 83 191 -1.32393510e+01
 84 191 -5.06873100e+00
 85 191  3.86391300e+00
 75 192 -3.15888280e+01
 76 192 -3.58823030e+01
 77 192 -3.48356310e+01
 78 192 -3.62885250e+01
 79 192 -3.27721840e+01
 80 192 -3.20114810e+01
 81 192 -2.58722490e+01
 82 192 -2.25518460e+01
 83 192 -1.35345370e+01
 84 192 -8.06648300e+00
 85 192  2.92574200e+00
 75 193 -3.02316410e+01
 76 193 -3.33944010e+01
 77 193 -3.45363050e+01
 78 193 -3.44796770e+01
 79 193 -3.34048290e+01
 80 193 -3.10621650e+01
 81 193 -2.74772180e+01
 82 193 -2.22292550e+01
 83 193 -1.58845630e+01
 84 193 -8.32530200e+00
 85 193 -6.73230000e-02
 86 193  9.04292000e+00
 76 194 -3.24351760e+01
 77 194 -3.25317760e+01
 78 194 -3.47601010e+01
 79 194 -3.22119500e+01
 80 194 -3.21839520e+01
 81 194 -2.69374980e+01
 82 194 -2.42078660e+01
 83 194 -1.60230200e+01
 84 194 -1.10046170e+01
 85 194 -7.16490000e-01
 86 194  5.72462400e+00
 76 195 -2.95115960e+01
 77 195 -3.16923180e+01
 78 195 -3.27938780e+01
 79 195 -3.25670610e+01
 80 195 -3.10133420e+01
 81 195 -2.81552920e+01
 82 195 -2.37380390e+01
 83 195 -1.80255670e+01
 84 195 -1.11166550e+01
 85 195 -3.47029900e+00
 86 195  5.05028500e+00
 76 196 -2.82771230e+01
 77 196 -2.94355220e+01
 78 196 -3.26445380e+01
 79 196 -3.11387180e+01
 80 196 -3.18259440e+01
 81 196 -2.74965980e+01
 82 196 -2.53482340e+01
 83 196 -1.80090320e+01
 84 196 -1.34687310e+01
 85 196 -3.91317500e+00
 86 196  1.97516900e+00
 77 197 -2.82641230e+01
 78 197 -3.04197750e+01
 79 197 -3.11397510e+01
 80 197 -3.05402310e+01
 81 197 -2.83542220e+01
 82 197 -2.47453850e+01
 83 197 -1.96871960e+01
 84 197 -1.33930780e+01
 85 197 -6.35525500e+00
 86 197  1.51036800e+00
 87 197  1.02539680e+01
 78 198 -2.99040180e+01
 79 198 -2.95807930e+01
 80 198 -3.09543150e+01
 81 198 -2.75287530e+01
 82 198 -2.60674430e+01
 83 198 -1.93738510e+01
 84 198 -1.54732780e+01
 85 198 -6.70874700e+00
 86 198 -1.23032000e+00
 87 198  9.57769800e+00
 77 199 -2.43985340e+01
 78 199 -2.73887000e+01
 79 199 -2.90937520e+01
 80 199 -2.95460660e+01
 81 199 -2.80593970e+01
 82 199 -2.52317340e+01
 83 199 -2.07976160e+01
 84 199 -1.52388290e+01
 85 199 -8.82337700e+00
 86 199 -1.55984600e+00
 87 199  6.77138800e+00
 78 200 -2.65991780e+01
 79 200 -2.72400940e+01
 80 200 -2.95032670e+01
 81 200 -2.70472270e+01
 82 200 -2.62508580e+01
 83 200 -2.03705740e+01
 84 200 -1.69416830e+01
 85 200 -8.98789400e+00
 86 200 -4.00045400e+00
 87 200  6.13357800e+00
 78 201 -2.37407050e+01
 79 201 -2.64007050e+01
 80 201 -2.76625290e+01
 81 201 -2.71807780e+01
 82 201 -2.52710330e+01
 83 201 -2.14290060e+01
 84 201 -1.65211660e+01
 85 201 -1.07894410e+01
 86 201 -4.10741300e+00
 87 201  3.58857300e+00
 88 201  1.19368170e+01
 78 202 -2.26921280e+01
 79 202 -2.43529820e+01
 80 202 -2.73453100e+01
 81 202 -2.59804190e+01
 82 202 -2.59406080e+01
 83 202 -2.07508540e+01
 84 202 -1.79415690e+01
 85 202 -1.05951060e+01
 86 202 -6.27456100e+00
 87 202  3.10153800e+00
 88 202  9.07490000e+00
 79 203 -2.31434440e+01
 80 203 -2.52692030e+01
 81 203 -2.57613090e+01
 82 203 -2.47864830e+01
 83 203 -2.15248930e+01
 84 203 -1.73108190e+01
 85 203 -1.21626070e+01
 86 203 -6.18404500e+00
 87 203  8.76412000e-01
 88 203  8.60133100e+00
 80 204 -2.46901480e+01
 81 204 -2.43460700e+01
 82 204 -2.51098150e+01
 83 204 -2.06459270e+01
 84 204 -1.83410450e+01
 85 204 -1.18752520e+01
 86 204 -7.97011500e+00
 87 204  6.07308000e-01
 88 204  6.06109700e+00
 80 205 -2.22877190e+01
 81 205 -2.38208020e+01
 82 205 -2.37701620e+01
 83 205 -2.10655690e+01
 84 205 -1.75213980e+01
 85 205 -1.29845190e+01
 86 205 -7.70976400e+00
 87 205 -1.30981600e+00
 88 205  5.80385300e+00
 89 205  1.41066890e+01
 80 206 -2.09457280e+01
 81 206 -2.22532930e+01
 82 206 -2.37855060e+01
 83 206 -2.00282010e+01
 84 206 -1.81886680e+01
 85 206 -1.24393880e+01
 86 206 -9.13291800e+00
 87 206 -1.24685900e+00
 88 206  3.56561300e+00
 89 206  1.34847540e+01
 80 207 -1.64874460e+01
 81 207 -2.10344360e+01
 82 207 -2.24519680e+01
 83 207 -2.00545540e+01
 84 207 -1.71457000e+01
 85 207 -1.32274820e+01
 86 207 -8.63474200e+00
 87 207 -2.84902100e+00
 88 207  3.51398800e+00
 89 207  1.11462280e+01
 80 208 -1.32654080e+01
 81 208 -1.67501210e+01
 82 208 -2.17485190e+01
 83 208 -1.88701510e+01
 84 208 -1.74692070e+01
 85 208 -1.24699010e+01
 86 208 -9.65538900e+00
 87 208 -2.66492800e+00
 88 208  1.72793400e+00
 89 208  1.07608540e+01
 90 208  1.66880410e+01
 81 209 -1.36447930e+01
 82 209 -1.76145740e+01
 83 209 -1.82585890e+01
 84 209 -1.63660150e+01
 85 209 -1.28837730e+01
 86 209 -8.94104900e+00
 87 209 -3.78214400e+00
 88 209  1.85824000e+00
 89 209  8.84488700e+00
 81 210 -9.24699600e+00
 82 210 -1.47284290e+01
 83 210 -1.47919050e+01
 84 210 -1.59530600e+01
 85 210 -1.19720990e+01
 86 210 -9.60476400e+00
 87 210 -3.34350800e+00
 88 210  4.42839000e-01
 89 210  8.76407900e+00
 90 210  1.40595210e+01
 81 211 -6.07799900e+00
 82 211 -1.04930120e+01
 83 211 -1.18591160e+01
 84 211 -1.24324920e+01
 85 211 -1.16471910e+01
 86 211 -8.75533000e+00
 87 211 -4.14031400e+00
 88 211  8.31870000e-01
 89 211  7.14348500e+00
 90 211  1.38763960e+01
 91 211  2.20522260e+01
 82 212 -7.54892900e+00
 83 212 -8.11794300e+00
 84 212 -1.03694080e+01
 85 212 -8.62814900e+00
 86 212 -8.65921900e+00
 87 212 -3.51599800e+00
 88 212 -1.98763000e-01
 89 212  7.29960000e+00
 90 212  1.21108860e+01
 91 212  2.15965230e+01
 81 213  1.78381100e+00
 82 213 -3.20359800e+00
 83 213 -5.23167100e+00
 84 213 -6.65351900e+00
 85 213 -6.57952200e+00
 86 213 -5.69594900e+00
 87 213 -3.55419900e+00
 88 213  3.45557000e-01
 89 213  6.14102900e+00
 90 213  1.21201080e+01
 91 213  1.96541940e+01
 82 214 -1.83019000e-01
 83 214 -1.20078000e+00
 84 214 -4.46997200e+00
 85 214 -3.37915100e+00
 86 214 -4.31966400e+00
 87 214 -9.58327000e-01
 88 214  9.27400000e-02
 89 214  6.43327200e+00
 90 214  1.06949320e+01
 91 214  1.94598950e+01
 82 215  4.34224500e+00
 83 215  1.62927200e+00
 84 215 -5.41771000e-01
 85 215 -1.25658300e+00
 86 215 -1.16899000e+00
 87 215  3.18137000e-01
 88 215  2.53199500e+00
 89 215  6.03055000e+00
 90 215  1.09214340e+01
 91 215  1.78045370e+01
 92 215  2.48893120e+01
 83 216  5.87398800e+00
 84 216  1.78233600e+00
 85 216  2.25667800e+00
 86 216  2.53312000e-01
 87 216  2.97102200e+00
 88 216  3.29146600e+00
 89 216  8.14973600e+00
 90 216  1.02985370e+01
 91 216  1.78237990e+01
 92 216  2.30664290e+01
 83 217  8.72996300e+00
 84 217  5.88345200e+00
 85 217  4.39459800e+00
 86 217  3.65856600e+00
 87 217  4.31466300e+00
 88 217  5.88953600e+00
 89 217  8.70232100e+00
 90 217  1.22057800e+01
 91 217  1.70547480e+01
 83 218  1.32160380e+01
 84 218  8.35665200e+00
 85 218  8.10021800e+00
 86 218  5.21741300e+00
 87 218  7.05944000e+00
 88 218  6.64555600e+00
 89 218  1.08508450e+01
 90 218  1.23667470e+01
 91 218  1.86495680e+01
 92 218  2.18946550e+01
 84 219  1.26813610e+01
 85 219  1.03960210e+01
 86 219  8.82933700e+00
 87 219  8.61693900e+00
 88 219  9.39385300e+00
 89 219  1.15695530e+01
 90 219  1.44627800e+01
 91 219  1.85832230e+01
 92 219  2.32959530e+01
 93 219  2.94369510e+01
 84 220  1.52634620e+01
 85 220  1.43757480e+01
 86 220  1.06119940e+01
 87 220  1.14823320e+01
 88 220  1.02720910e+01
 89 220  1.37437550e+01
 90 220  1.46895380e+01
 91 220  2.02783970e+01
 93 220  3.04750220e+01
 84 221  1.97737570e+01
 85 221  1.67827290e+01
 86 221  1.44713540e+01
 87 221  1.32772510e+01
 88 221  1.29638770e+01
 89 221  1.45310480e+01
 90 221  1.69399260e+01
 91 221  2.03749370e+01
 92 221  2.45199960e+01
 84 222  2.24862680e+01
 85 222  2.09530280e+01
 86 222  1.63719570e+01
 87 222  1.63781030e+01
 88 222  1.43202050e+01
 89 222  1.66217970e+01
 90 222  1.72030390e+01
 91 222  2.20643610e+01
 92 222  2.42728340e+01
 93 222  3.12746410e+01
 85 223  2.34280080e+01
 86 223  2.03897380e+01
 87 223  1.83823290e+01
 88 223  1.72332450e+01
 89 223  1.78250550e+01
 90 223  1.93854020e+01
 91 223  2.23376140e+01
 92 223  2.60452780e+01
 93 223  3.06585830e+01
 85 224  2.77110180e+01
 86 224  2.24450980e+01
 87 224  2.17486140e+01
 88 224  1.88258320e+01
 89 224  2.02341480e+01
 90 224  1.99955810e+01
 91 224  2.38623510e+01
 92 224  2.57426900e+01
 93 224  3.20322480e+01
 86 225  2.65341430e+01
 87 225  2.38206020e+01
 88 225  2.19930440e+01
 89 225  2.16373050e+01
 90 225  2.23101930e+01
 91 225  2.43566400e+01
 92 225  2.73720010e+01
 93 225  3.16180980e+01
 86 226  2.87471940e+01
 87 226  2.75205390e+01
 88 226  2.36675760e+01
 89 226  2.43092010e+01
 90 226  2.31976490e+01
 91 226  2.60336000e+01
 92 226  2.73287970e+01
 93 226  3.28168770e+01
 86 227  3.28858350e+01
 87 227  2.96824450e+01
 88 227  2.71774640e+01
 89 227  2.58495150e+01
 90 227  2.58047590e+01
 91 227  2.68303710e+01
 92 227  2.90450340e+01
 93 227  3.25790180e+01
 86 228  3.52434660e+01
 87 228  3.33842210e+01
 88 228  2.89401940e+01
 89 228  2.88946540e+01
 90 228  2.67708990e+01
 91 228  2.89235990e+01
 92 228  2.92200010e+01
 94 228  3.61078090e+01
 86 229  3.93624000e+01
 87 229  3.56682530e+01
 88 229  3.25619630e+01
 89 229  3.06899360e+01
 90 229  2.95855170e+01
 91 229  2.98968480e+01
 92 229  3.12106200e+01
 93 229  3.38013780e+01
 94 229  3.73949240e+01
 95 229  4.21804140e+01
 87 230  3.94867690e+01
 88 230  3.45163060e+01
 89 230  3.38383860e+01
 90 230  3.08625120e+01
 91 230  3.21735430e+01
 92 230  3.16150170e+01
 93 230  3.52366150e+01
 94 230  3.69321700e+01
 87 231  4.20805750e+01
 88 231  3.82164880e+01
 89 231  3.57628530e+01
 90 231  3.38158110e+01
 91 231  3.34243380e+01
 92 231  3.38059520e+01
 93 231  3.56236860e+01
 94 231  3.83085770e+01
 87 232  4.60728340e+01
 88 232  4.04969550e+01
 89 232  3.91544230e+01
 90 232  3.54467100e+01
 91 232  3.59465490e+01
 92 232  3.46094450e+01
 94 232  3.83609150e+01
 87 233  4.89200520e+01
 88 233  4.43340620e+01
 89 233  4.13080370e+01
 90 233  3.87316420e+01
 91 233  3.74894100e+01
 92 233  3.69191110e+01
 93 233  3.79485310e+01
 94 233  4.00518360e+01
 96 233  4.72933400e+01
 88 234  4.69306290e+01
 89 234  4.48411950e+01
 90 234  4.06129580e+01
 91 234  4.03388700e+01
 92 234  3.81449590e+01
 93 234  3.99548060e+01
 94 234  4.03499860e+01
 96 234  4.67224110e+01
 89 235  4.73571600e+01
 90 235  4.40177540e+01
 91 235  4.22889010e+01
 92 235  4.09187820e+01
 93 235  4.10430440e+01
 94 235  4.21823460e+01
 95 235  4.46246020e+01
 89 236  5.12209980e+01
 90 236  4.62552030e+01
 91 236  4.53339550e+01
 92 236  4.24445820e+01
 93 236  4.33780940e+01
 94 236  4.29015080e+01
 96 236  4.78528200e+01
 90 237  4.99550970e+01
 91 237  4.75276240e+01
 92 237  4.53901330e+01
 93 237  4.48715990e+01
 94 237  4.50916620e+01
 96 237  4.92471510e+01
 98 237  5.79382550e+01
 91 238  5.08940430e+01
 92 238  4.73077320e+01
 93 238  4.74545970e+01
 94 238  4.61631480e+01
 95 238  4.84214210e+01
 96 238  4.94452030e+01
 92 239  5.05726680e+01
 93 239  4.93110050e+01
 94 239  4.85882200e+01
 95 239  4.93903600e+01
 96 239  5.11469620e+01
 92 240  5.27154970e+01
 93 240  5.23162290e+01
 94 240  5.01253190e+01
 95 240  5.15101100e+01
 96 240  5.17242220e+01
 98 240  5.79887190e+01
 93 241  5.43151150e+01
 94 241  5.29551150e+01
 95 241  5.29343350e+01
 96 241  5.37017700e+01
 93 242  5.74168760e+01
 94 242  5.47168760e+01
 95 242  5.54680140e+01
 96 242  5.48036990e+01
 98 242  5.93869820e+01
 94 243  5.77545610e+01
 95 243  5.71750050e+01
 96 243  5.71819360e+01
 97 243  5.86896290e+01
 94 244  5.98060210e+01
 95 244  5.98791350e+01
 96 244  5.84518350e+01
 97 244  6.07138250e+01
 98 244  6.14780960e+01
 94 245  6.31781730e+01
 95 245  6.19004170e+01
 96 245  6.10045240e+01
 97 245  6.18137760e+01
 98 245  6.33851510e+01
 94 246  6.53947720e+01
 96 246  6.26169120e+01
 97 246  6.39669120e+01
 98 246  6.40902280e+01
 99 246  6.78188020e+01
100 246  7.01911870e+01
 96 247  6.55331050e+01
 97 247  6.54895210e+01
 98 247  6.61093920e+01
 99 247  6.85783930e+01
 96 248  6.73927480e+01
 97 248  6.81310530e+01
 98 248  6.72379510e+01
100 248  7.18977930e+01
 96 249  7.07506960e+01
 97 249  6.98463330e+01
 98 249  6.97227330e+01
100 249  7.35191430e+01
101 249  7.71809520e+01
 96 250  7.29895880e+01
 97 250  7.29520060e+01
 98 250  7.11703360e+01
100 250  7.40721930e+01
101 250  7.83991400e+01
 96 251  7.66479810e+01
 97 251  7.52279810e+01
 98 251  7.41349810e+01
 99 251  7.45115470e+01
100 251  7.59588080e+01
101 251  7.89667490e+01
 98 252  7.60346100e+01
 99 252  7.72946100e+01
100 252  7.68166110e+01
101 252  8.04671180e+01
102 252  8.28713700e+01
 98 253  7.93015620e+01
 99 253  7.90104860e+01
100 253  7.93455490e+01
102 253  8.43586960e+01
103 253  8.85234710e+01
 98 254  8.13413950e+01
 99 254  8.19941510e+01
100 254  8.09025210e+01
102 254  8.47233120e+01
103 254  8.96458870e+01
 99 255  8.40892370e+01
100 255  8.38004650e+01
101 255  8.48420690e+01
102 255  8.68119340e+01
103 255  8.99473050e+01
100 256  8.54847960e+01
102 256  8.78230460e+01
103 256  9.17466030e+01
104 256  9.42219920e+01
100 257  8.85901370e+01
101 257  8.89924720e+01
102 257  9.02470640e+01
104 257  9.58663890e+01
105 257  1.00154285e+02
101 258  9.16903500e+01
104 258  9.63443380e+01
105 258  1.01507703e+02
102 259  9.40793810e+01
105 259  1.01991021e+02
106 260  1.06547495e+02
104 261  1.01318233e+02
106 261  1.08005004e+02
107 261  1.13079410e+02
106 262  1.08369072e+02
107 262  1.14252119e+02
108 264  1.19563165e+02
108 265  1.20900245e+02
108 266  1.21139675e+02
109 266  1.27672681e+02
110 269  1.34834671e+02
110 270  1.34681584e+02
