   0.0000000000000000        1.6752869555624581     
   1.0000000000000000        1.6804820601303603     
   2.0000000000000000        1.6960629667735683     
   3.0000000000000000        1.7220108448450666     
   4.0000000000000000        1.7582760924884138     
   5.0000000000000000        1.8047526571906038     
   6.0000000000000000        1.8612452512222577     
   7.0000000000000000        1.9274323428000764     
   8.0000000000000000        2.0028282433697013     
   9.0000000000000000        2.0867478044691614     
   10.000000000000000        2.1782771708565449     
   11.000000000000000        2.2762537159714178     
   12.000000000000000        2.3792577358826317     
   13.000000000000000        2.4856177394866439     
   14.000000000000000        2.5934302995495995     
   15.000000000000000        2.7005944834510447     
   16.000000000000000        2.8048599301094645     
   17.000000000000000        2.9038867452522186     
   18.000000000000000        2.9953146097951389     
   19.000000000000000        3.0768378846664888     
   20.000000000000000        3.1462830861243951     
   21.000000000000000        3.2016849198434958     
   22.000000000000000        3.2413571055735177     
   23.000000000000000        3.2639544876150830     
   24.000000000000000        3.2685233866071086     
   25.000000000000000        3.2545377706673362     
   26.000000000000000        3.2219195658177857     
   27.000000000000000        3.1710422387798247     
   28.000000000000000        3.1027176198569935     
   29.000000000000000        3.0181667415256239     
   30.000000000000000        2.9189762057897628     
   31.000000000000000        2.8070422234499350     
   32.000000000000000        2.6845049628961948     
   33.000000000000000        2.5536761862052364     
   34.000000000000000        2.4169633275066738     
   35.000000000000000        2.2767931837560886     
   36.000000000000000        2.1355382509749590     
   37.000000000000000        1.9954484669291155     
   38.000000000000000        1.8585907371993184     
   39.000000000000000        1.7267981527571794     
   40.000000000000000        1.6016302827652180     
   41.000000000000000        1.4843453760019774     
   42.000000000000000        1.3758847564326826     
   43.000000000000000        1.2768691787108233     
   44.000000000000000        1.1876064397679655     
   45.000000000000000        1.1081091405819494     
   46.000000000000000        1.0381211702173097     
   47.000000000000000       0.97715124975219458     
   48.000000000000000       0.92451172928861758     
   49.000000000000000       0.87936077493420661     
   50.000000000000000       0.84074610858129328     
   51.000000000000000       0.80764856244257155     
   52.000000000000000       0.77902387119044081     
   53.000000000000000       0.75384133417795185     
   54.000000000000000       0.73111822480931477     
   55.000000000000000       0.70994908985752025     
   56.000000000000000       0.68952935518494207     
   57.000000000000000       0.66917292383934868     
   58.000000000000000       0.64832370735142109     
   59.000000000000000       0.62656126255820843     
   60.000000000000000       0.60360090771385067     
   61.000000000000000       0.57928885834694588     
   62.000000000000000       0.55359305257800484     
   63.000000000000000       0.52659042654900312     
   64.000000000000000       0.49845145399964907     
   65.000000000000000       0.46942278199652926     
   66.000000000000000       0.43980878063980883     
   67.000000000000000       0.40995278232820148     
   68.000000000000000       0.38021872050453337     
   69.000000000000000       0.35097379367953424     
   70.000000000000000       0.32257268295726449     
   71.000000000000000       0.29534374514944278     
   72.000000000000000       0.26957749346330295     
   73.000000000000000       0.24551756785700565     
   74.000000000000000       0.22335429114986743     
   75.000000000000000       0.20322080796147585     
   76.000000000000000       0.18519171405509122     
   77.000000000000000       0.16928400560791568     
   78.000000000000000       0.15546011268454421     
   79.000000000000000       0.14363272957466708     
   80.000000000000000       0.13367111700574891     
   81.000000000000000       0.12540852745134920     
   82.000000000000000       0.11865039433868227     
   83.000000000000000       0.11318292810165477     
   84.000000000000000       0.10878177564403352     
   85.000000000000000       0.10522042357010018     
   86.000000000000000       0.10227805803799411     
   87.000000000000000        9.9746633703620205E-002
   88.000000000000000        9.7436949282341062E-002
   89.000000000000000        9.5183576055967778E-002
   90.000000000000000        9.2848536488588984E-002
   91.000000000000000        9.0323681317531074E-002
   92.000000000000000        8.7531763456841064E-002
   93.000000000000000        8.4426254294961103E-002
   94.000000000000000        8.0989991125000244E-002
   95.000000000000000        7.7232782318250745E-002
   96.000000000000000        7.3188128433071736E-002
   97.000000000000000        6.8909241950285277E-002
   98.000000000000000        6.4464565185483505E-002
   99.000000000000000        5.9932994840114009E-002
   100.00000000000000        5.5399022567051835E-002
   101.00000000000000        5.0947994052964164E-002
   102.00000000000000        4.6661674924202916E-002
   103.00000000000000        4.2614290971333117E-002
   104.00000000000000        3.8869183685020604E-002
   105.00000000000000        3.5476191017437785E-002
   106.00000000000000        3.2469828895147060E-002
   107.00000000000000        2.9868312686316519E-002
   108.00000000000000        2.7673421001243360E-002
   109.00000000000000        2.5871168321796412E-002
   110.00000000000000        2.4433219407370855E-002
   111.00000000000000        2.3318948507642174E-002
   112.00000000000000        2.2478021271535559E-002
   113.00000000000000        2.1853357828251891E-002
   114.00000000000000        2.1384322547623492E-002
   115.00000000000000        2.1009979918471852E-002
   116.00000000000000        2.0672256987766230E-002
   117.00000000000000        2.0318860762496053E-002
   118.00000000000000        1.9905813485469995E-002
   119.00000000000000        1.9399489079201915E-002
   120.00000000000000        1.8778059387037173E-002
   121.00000000000000        1.8032287998298365E-002
   122.00000000000000        1.7165641133568211E-002
   123.00000000000000        1.6193717888459778E-002
   124.00000000000000        1.5143034641356837E-002
   125.00000000000000        1.4049229186851135E-002
   126.00000000000000        1.2954777799822017E-002
   127.00000000000000        1.1906341735682625E-002
   128.00000000000000        1.0951877586870029E-002
   129.00000000000000        1.0137657633154419E-002
   130.00000000000000        9.5053513016517110E-003
   131.00000000000000        9.0893168434505942E-003
   132.00000000000000        8.9142433961111305E-003
   133.00000000000000        8.9932680996723975E-003
   134.00000000000000        9.3266715251813185E-003
   135.00000000000000        9.9012282816230441E-003
   136.00000000000000        1.0690259439107104E-002
   137.00000000000000        1.1654400671321676E-002
   138.00000000000000        1.2743066228383178E-002
   139.00000000000000        1.3896555511235779E-002
   140.00000000000000        1.5048717633226072E-002
   141.00000000000000        1.6130061353681044E-002
   142.00000000000000        1.7071174447054055E-002
   143.00000000000000        1.7806299030954504E-002
   144.00000000000000        1.8276898475394845E-002
   145.00000000000000        1.8435047829136395E-002
   146.00000000000000        1.8246483491637568E-002
   147.00000000000000        1.7693159070119532E-002
   148.00000000000000        1.6775172604324626E-002
   149.00000000000000        1.5511954918338858E-002
   150.00000000000000        1.3942638786468528E-002
   151.00000000000000        1.2125562651066841E-002
   152.00000000000000        1.0136899383112415E-002
   153.00000000000000        8.0684384759692144E-003
   154.00000000000000        6.0245874858050790E-003
   155.00000000000000        4.1186938567982535E-003
   156.00000000000000        2.4688199450902315E-003
   157.00000000000000        1.1931306708732471E-003
   158.00000000000000        4.0507357218198147E-004
   159.00000000000000        2.0854415054272118E-004
   160.00000000000000        6.9323462898340262E-004
   161.00000000000000        1.9303612568003195E-003
   162.00000000000000        3.9689541080121810E-003
   163.00000000000000        6.8328742942282252E-003
   164.00000000000000        1.0518697345237197E-002
   165.00000000000000        1.4994569207424221E-002
   166.00000000000000        2.0200104144214928E-002
   167.00000000000000        2.6047353282871930E-002
   168.00000000000000        3.2422830281207730E-002
   169.00000000000000        3.9190538315164038E-002
   170.00000000000000        4.6195902056445630E-002
   171.00000000000000        5.3270471201600333E-002
   172.00000000000000        6.0237229982523170E-002
   173.00000000000000        6.6916321289085048E-002
   174.00000000000000        7.3130975668909401E-002
   175.00000000000000        7.8713425336812234E-002
   176.00000000000000        8.3510581890244961E-002
   177.00000000000000        8.7389263793358596E-002
   178.00000000000000        9.0240775604240708E-002
   179.00000000000000        9.1984664767709806E-002
