,angle,xs,xs_err
0,14.718,0.57851,0.0309255
1,15.562,0.50721,0.027360500000000003
2,15.985,0.46463,0.025231500000000004
3,16.408,0.41639,0.0228195
4,18.088,0.46469,0.0252345
5,18.928,0.49631,0.0268155
6,20.189,0.5301,0.028505000000000003
7,21.451,0.51864,0.027932
8,22.716,0.45473,0.0247365
9,23.14,0.39868,0.021934000000000002
10,23.142,0.3652,0.02026
11,23.565,0.32018,0.018009000000000004
12,24.83,0.28073,0.016036500000000002
13,24.832,0.25715,0.014857500000000001
14,25.255,0.23045,0.0135225
15,25.257,0.2111,0.012555000000000002
16,25.264,0.15529,0.0097645
17,25.681,0.18106,0.011053
18,26.528,0.13918,0.008959
19,26.952,0.11938,0.007969
20,27.796,0.10936,0.007468000000000001
21,29.476,0.11939,0.007969500000000001
22,29.894,0.13619,0.008809500000000001
23,30.733,0.15535,0.0097675
24,31.149,0.18514,0.011257
25,31.567,0.21118,0.012559
26,31.986,0.23566,0.013783000000000002
27,32.825,0.25728,0.014864
28,35.769,0.26303,0.0151515
29,36.192,0.23572,0.013786000000000001
30,36.201,0.15884,0.009942000000000001
31,36.616,0.20666,0.012333000000000002
32,36.617,0.1935,0.011675000000000001
33,36.619,0.17725,0.0108625
34,37.054,0.093846,0.0066923
35,37.466,0.13927,0.008963500000000001
36,37.469,0.11945,0.0079725
37,37.471,0.10942,0.007471
38,37.478,0.082278,0.0061139
39,37.481,0.07057,0.0055285
40,38.326,0.06053,0.0050265
41,38.329,0.053068,0.0046534
42,38.752,0.046526,0.0043263
43,38.755,0.041695,0.00408475
44,39.179,0.034986,0.0037493000000000005
45,39.183,0.029357,0.00346785
46,39.607,0.02518,0.003259
47,40.03,0.023066,0.0031533000000000004
48,40.859,0.039045,0.00395225
49,41.277,0.044537,0.004226850000000001
50,41.285,0.032052,0.0036026
51,41.287,0.028101,0.00340505
52,41.29,0.024636,0.0032318
53,42.107,0.075389,0.005769450000000001
54,42.11,0.064661,0.0052330499999999995
55,42.114,0.054257,0.00471285
56,42.941,0.10476,0.0072380000000000005
57,42.945,0.085995,0.006299750000000001
58,43.358,0.12214,0.008107
59,43.775,0.14557,0.0092785
60,45.035,0.16245,0.010122500000000001
61,46.295,0.17351,0.010675500000000001
62,47.98,0.15551,0.009775500000000001
63,47.983,0.13633,0.008816500000000001
64,49.248,0.12219,0.0081095
65,49.25,0.1095,0.007475000000000001
66,49.673,0.1003,0.007015
67,49.676,0.087937,0.00639685
68,50.521,0.075427,0.00577135
69,50.523,0.066128,0.005306400000000001
70,50.951,0.048648,0.0044323999999999995
71,51.368,0.057978,0.0048989
72,51.373,0.044564,0.0042282
73,51.377,0.038222,0.0039111
74,51.397,0.015554,0.0027777
75,51.8,0.033511,0.00367555
76,51.807,0.024652,0.0032326000000000004
77,51.815,0.017742,0.0028871
78,51.821,0.013051,0.00265255
79,51.825,0.010951,0.00254755
80,51.828,0.0096012,0.00248006
81,52.225,0.028119,0.0034059500000000005
82,52.231,0.021144,0.0030572000000000004
83,53.092,0.0087955,0.002439775
84,54.352,0.0096026,0.00248013
85,54.77,0.010953,0.0025476500000000003
86,55.179,0.018541,0.00292705
87,55.187,0.013054,0.0026527
88,55.603,0.015903,0.00279515
89,56.014,0.024123,0.00320615
90,56.017,0.021149,0.00305745
91,56.426,0.036593,0.0038296500000000004
92,56.429,0.032081,0.00360405
93,56.432,0.027516,0.0033758
94,56.835,0.061941,0.0050970500000000005
95,56.839,0.050847,0.0045423500000000006
96,57.252,0.073821,0.00569105
97,57.263,0.043612,0.0041806
98,57.669,0.086071,0.00630355
99,58.087,0.098178,0.006908900000000001
100,59.346,0.10956,0.007478
101,60.607,0.11962,0.007981
102,62.292,0.10721,0.007360500000000001
103,63.136,0.093993,0.00669965
104,63.566,0.060622,0.0050311
105,63.572,0.047629,0.00438145
106,63.982,0.077162,0.0058581
107,63.985,0.067649,0.00538245
108,63.989,0.055532,0.004776600000000001
109,63.996,0.039966,0.0039983
110,64.0,0.033535,0.0036767500000000003
111,64.003,0.028763,0.00343815
112,64.848,0.025218,0.0032609
113,64.851,0.021629,0.0030814500000000003
114,64.857,0.016625,0.00283125
115,64.86,0.014575,0.0027287500000000003
116,65.275,0.018552,0.0029276
117,65.706,0.011965,0.00259825
118,65.715,0.007717,0.00238585
119,65.722,0.0056769,0.002283845
120,66.128,0.010961,0.00254805
121,66.132,0.009401,0.00247005
122,66.139,0.0067657,0.002338285
123,66.566,0.0050876,0.0022543800000000003
124,66.569,0.0044604,0.00222302
125,67.834,0.0039108,0.00219554
126,68.664,0.0063359,0.002316795
127,69.088,0.0054344,0.00227172
128,69.092,0.00456,0.002228
129,69.501,0.0078899,0.002394495
130,69.91,0.013355,0.00266775
131,69.914,0.011206,0.0025603
132,69.919,0.0089996,0.00244998
133,70.326,0.01627,0.0028135
134,70.734,0.028775,0.00343875
135,70.738,0.024144,0.0032072000000000003
136,70.743,0.01939,0.0029695
137,71.147,0.041776,0.0040888
138,71.152,0.033549,0.0036774500000000005
139,71.564,0.049788,0.0044894
140,71.98,0.059337,0.00496685
141,72.819,0.067685,0.00538425
142,74.5,0.072295,0.00561475
143,76.603,0.072304,0.0056152
144,77.026,0.067702,0.0053851
145,77.449,0.059357,0.00496785
146,77.451,0.054372,0.0047186
147,77.454,0.047668,0.004383400000000001
148,77.456,0.042718,0.0041359
149,77.883,0.032123,0.00360615
150,78.302,0.035846,0.0037923
151,78.728,0.027553,0.0033776500000000003
152,78.731,0.024156,0.0032078000000000002
153,79.155,0.020719,0.00303595
154,79.579,0.017771,0.00288855
155,79.583,0.014912,0.0027456
156,80.007,0.013074,0.0026537
157,80.43,0.011462,0.0025731
158,80.434,0.0096177,0.002480885
159,80.857,0.0088102,0.00244051
160,80.86,0.007724,0.0023862
161,80.863,0.0067717,0.0023385850000000002
162,80.865,0.0059369,0.002296845
163,81.3,0.0032129,0.002160645
164,81.303,0.0028168,0.00214084
165,81.709,0.0053206,0.00226603
166,81.717,0.0036648,0.00218324
167,82.132,0.0047682,0.00223841
168,82.136,0.0040896,0.00220448
169,83.407,0.0026963,0.002134815
170,84.246,0.0030089,0.002150445
171,84.65,0.006342,0.0023171
172,84.663,0.0035082,0.00217541
173,85.056,0.012516,0.0026258
174,85.064,0.0086213,0.002431065
175,85.067,0.0075584,0.00237792
176,85.077,0.0048747,0.002243735
177,85.079,0.0042738,0.00221369
178,85.469,0.017777,0.00288885
179,85.48,0.010503,0.0025251500000000003
180,85.894,0.014594,0.0027297
181,86.303,0.024167,0.0032083500000000004
182,86.306,0.021188,0.0030594000000000003
183,87.983,0.02818,0.003409
184,88.401,0.031446,0.0035723000000000005
185,89.241,0.033586,0.0036793
186,90.503,0.033588,0.0036794
187,92.185,0.033592,0.0036796
188,92.609,0.030104,0.0035052
189,92.611,0.026978,0.0033489
190,92.617,0.020736,0.0030368
191,93.034,0.024713,0.00323565
192,93.04,0.01818,0.002909
193,93.884,0.016293,0.00281465
194,94.307,0.014601,0.00273005
195,94.309,0.013375,0.00266875
196,94.314,0.010741,0.00253705
197,94.732,0.012252,0.0026126
198,94.738,0.0092129,0.002460645
199,95.161,0.0082563,0.002412815
200,95.164,0.0072384,0.00236192
201,95.166,0.0066305,0.002331525
202,95.591,0.0055638,0.0022781900000000002
203,95.593,0.004986,0.0022493
204,96.015,0.0046686,0.0022334300000000002
205,96.018,0.004093,0.00220465
206,96.02,0.003668,0.0021834000000000003
207,96.864,0.0032872,0.00216436
208,98.547,0.0032876,0.00216438
209,98.965,0.0036686,0.00218343
210,99.795,0.0060754,0.00230377
211,99.798,0.0053264,0.00226632
212,99.801,0.0046697,0.002233485
213,99.804,0.004094,0.0022047
214,100.21,0.0067796,0.00233898
215,100.21,0.0079044,0.00239522
216,100.63,0.0094205,0.002471025
217,101.04,0.011227,0.00256135
218,101.46,0.012529,0.0026264500000000002
219,101.46,0.014607,0.0027303500000000003
220,102.3,0.016662,0.0028331
221,103.13,0.020299,0.00301495
222,103.97,0.023155,0.00315775
223,105.65,0.02528,0.0032640000000000004
224,107.76,0.025844,0.0032922000000000003
225,109.02,0.0242,0.00321
226,109.44,0.020757,0.00303785
227,109.87,0.018602,0.0029301
228,109.87,0.016308,0.0028154
229,110.71,0.015271,0.00276355
230,111.14,0.013388,0.0026694
231,112.4,0.011739,0.00258695
232,114.51,0.011236,0.0025618
233,116.6,0.01369,0.0026845000000000003
234,117.03,0.012002,0.0026001
235,118.28,0.015278,0.0027639
236,118.7,0.017427,0.00287135
237,119.54,0.019447,0.00297235
238,119.96,0.021701,0.00308505
239,120.8,0.024217,0.0032108500000000003
240,121.64,0.027025,0.00335125
241,123.74,0.03016,0.003508
242,125.42,0.032215,0.0036107500000000002
243,127.52,0.03152,0.003576
244,128.79,0.029515,0.00347575
245,129.63,0.027038,0.0033519
246,130.05,0.024768,0.0032384
247,131.32,0.02269,0.0031345
248,132.16,0.021246,0.0030623000000000004
249,133.42,0.019895,0.00299475
250,133.85,0.017442,0.0028721
251,135.53,0.015633,0.00278165
252,137.64,0.014964,0.0027482
253,138.9,0.016337,0.00281685
254,139.31,0.01823,0.0029115
255,140.15,0.019903,0.0029951500000000002
256,140.57,0.02221,0.0031105000000000004
257,142.25,0.025336,0.0032668000000000003
258,143.09,0.0289,0.003445
259,143.93,0.03225,0.0036125000000000003
260,146.03,0.033701,0.0036850500000000005
261,147.72,0.030204,0.0035102
262,149.4,0.025908,0.0032954000000000004
263,149.83,0.023733,0.00318665
264,150.25,0.020808,0.0030404000000000004
265,151.09,0.019061,0.00295305
266,151.52,0.017082,0.0028541
267,152.78,0.015996,0.0027998
268,153.62,0.01565,0.0027825000000000003
269,155.3,0.015998,0.0027999
270,156.56,0.017853,0.00289265
271,156.98,0.020365,0.00301825
272,157.4,0.022232,0.0031116
273,159.5,0.024273,0.00321365
274,161.18,0.025927,0.00329635
275,161.61,0.022731,0.00313655
276,162.03,0.019929,0.0029964500000000003
277,162.45,0.017093,0.0028546500000000002
278,163.3,0.014987,0.0027493500000000002
279,163.3,0.013139,0.00265695
280,163.31,0.010099,0.00250495
281,163.72,0.011775,0.00258875
282,164.99,0.0090511,0.002452555
283,165.41,0.008663,0.0024331500000000002
284,166.67,0.0098819,0.002494095
285,167.08,0.01499,0.0027495
286,167.08,0.016727,0.00283635
287,167.5,0.019503,0.00297515
288,167.51,0.012578,0.0026289
289,167.51,0.011028,0.0025514
290,167.92,0.022739,0.0031369500000000003
291,168.75,0.025939,0.00329695
292,169.17,0.028945,0.00344725
293,169.17,0.032299,0.0036149500000000005
294,169.58,0.044881,0.00424405
295,169.59,0.038494,0.0039247
296,170.0,0.053489,0.00467445
297,170.84,0.062367,0.005118350000000001
298,171.26,0.072716,0.0056358
299,172.09,0.082946,0.0061473000000000005
300,172.09,0.096708,0.0068354
301,172.51,0.11276,0.007638000000000001
302,173.35,0.1231,0.008155
303,173.76,0.14353,0.0091765
304,173.76,0.16016,0.010008
305,174.18,0.17105,0.010552500000000001
